2 0.461875 0.375000 0.470000 0.375000 0.471875 0.390625 0.476250 0.523438 0.477500 0.691406 0.457500 0.679688 0.457500 0.457031
2 0.356875 0.093750 0.366250 0.101562 0.370625 0.277344 0.367500 0.378906 0.355625 0.335938 0.351250 0.117188
2 0.323750 0.058594 0.328750 0.269531 0.326250 0.394531 0.312500 0.406250 0.313750 0.199219 0.310000 0.085938
2 0.257500 0.039062 0.261875 0.042969 0.265625 0.093750 0.271250 0.320312 0.265000 0.417969 0.251250 0.378906 0.250000 0.113281
2 0.420000 0.019531 0.435625 0.027344 0.441250 0.128906 0.444375 0.281250 0.436250 0.378906 0.420625 0.378906 0.413125 0.191406 0.414375 0.070312
2 0.978750 0.011719 0.976875 0.351562 0.965625 0.386719 0.891875 0.417969 0.873125 0.402344 0.858125 0.335938 0.862500 0.230469 0.887500 0.082031 0.902500 0.046875
3 0.083125 0.257812 0.121875 0.289062 0.127500 0.335938 0.131250 0.683594 0.085000 0.726562 0.055000 0.597656 0.062500 0.468750
3 0.229375 0.070312 0.209375 0.148438 0.172500 0.113281 0.146250 0.187500 0.120625 0.125000 0.115000 0.011719 0.225000 0.003906 0.230625 0.011719
3 0.513750 0.089843 0.552500 0.121093 0.558125 0.167969 0.561875 0.515625 0.515625 0.558593 0.485625 0.429687 0.493125 0.300781
3 0.820625 0.371093 0.859375 0.402343 0.865000 0.449219 0.868750 0.796875 0.822500 0.839843 0.792500 0.710937 0.800000 0.582031
