2 0.808277 0.794012 0.827027 0.809637 0.827027 1.000000 0.817652 1.000000 0.815777 0.973700 0.805152 0.922918
2 0.945777 0.536200 0.956402 0.544012 0.958277 0.622137 0.958277 0.512762 0.964527 0.516668 0.968277 0.743231 0.960152 0.743231 0.958902 0.665106 0.949527 0.661200
2 0.627652 0.231512 0.642027 0.251044 0.643277 0.450262 0.628277 0.430731
3 0.173277 0.950262 0.173277 0.973700 0.170777 1.000000 0.180152 1.000000 0.152652 1.000000 0.161402 0.989325 0.162027 0.950262 0.166402 0.934637
3 0.351402 0.422918 0.353902 0.454168 0.353902 0.583075 0.349527 0.766668 0.345152 0.821356 0.340152 0.821356 0.337652 0.790106 0.338277 0.700262 0.344527 0.606512 0.344527 0.477606 0.347652 0.426825
3 0.330777 0.325262 0.330152 0.684637 0.311402 0.754950 0.297027 0.969794 0.305152 1.000000 0.336402 0.985418 0.347652 1.000000 0.191402 1.000000 0.188902 0.958075 0.207652 0.614325 0.264527 0.555731 0.289527 0.376044
3 0.210777 0.294012 0.214527 0.321356 0.203277 0.622137 0.187027 0.848700 0.178277 0.879950 0.163902 0.836981 0.168277 0.618231 0.162027 0.520575 0.178277 0.501044 0.188902 0.532294 0.200777 0.340887
3 0.828277 0.094794 0.834527 0.141668 0.837652 0.188544 0.833902 0.235418 0.822652 0.297918 0.813902 0.305731 0.805152 0.294012 0.801402 0.243231 0.805152 0.211981 0.810152 0.204168 0.810777 0.145575
3 0.331402 0.090887 0.321402 0.286200 0.307652 0.294012 0.277652 0.415106 0.262027 0.372137 0.232027 0.200262 0.220152 0.204168 0.214527 0.129950 0.245777 0.079168
3 0.550152 0.286200 0.556402 0.333074 0.559527 0.379950 0.555777 0.426824 0.544527 0.489324 0.535777 0.497137 0.527027 0.485418 0.523277 0.434637 0.527027 0.403387 0.532027 0.395574 0.532652 0.336981
