2 0.904696 0.672378 0.905946 0.676284 0.905946 0.973159 0.902196 0.973159
2 0.994696 0.316909 0.994696 0.379409 0.993446 0.379409 0.993446 0.340347 0.992821 0.336440 0.992821 0.316909
2 0.907821 0.234878 0.908446 0.477066 0.905321 0.477066 0.904696 0.234878
2 0.999071 0.180190 1.000000 0.184097 1.000000 0.273940 1.000000 0.289566 1.000000 0.324722 1.000000 0.344253 1.000000 0.379409 1.000000 0.387222 0.997196 0.383316 0.995946 0.258316 0.998446 0.242690
2 0.945321 0.137222 0.943446 0.414566 0.940321 0.410659 0.942821 0.137222
2 0.957821 0.133316 0.957196 0.430190 0.954696 0.430190 0.954696 0.234878 0.952196 0.133316
2 0.979071 0.137222 0.976571 0.520034 0.972821 0.520034 0.974071 0.352066 0.972196 0.313003 0.974696 0.246597 0.974696 0.133316
2 0.894696 0.129409 0.892821 0.426284 0.890946 0.418472 0.891571 0.133316
2 0.939071 0.129409 0.939696 0.266128 0.937821 0.262222 0.937821 0.199722 0.937196 0.195816 0.937196 0.133316
2 0.430946 0.109878 0.432196 0.109878 0.433446 0.262222 0.430946 0.258316
2 0.916571 0.102066 0.915946 0.563003 0.911571 0.559097 0.909696 0.520034 0.909071 0.152847 0.913446 0.145034 0.914071 0.102066
2 0.924071 0.098159 0.929696 0.145034 0.929696 0.297378 0.927196 0.438003 0.923446 0.477066 0.925321 0.285659 0.921571 0.262222
2 0.428446 0.000000 0.429071 0.293472 0.426571 0.293472 0.425321 0.000000
2 0.604071 0.000000 0.602196 0.133316 0.595946 0.137222 0.595946 0.000000
2 0.759071 0.000000 0.762821 0.000000 0.764696 0.980972 0.757196 0.980972
3 0.680321 0.637222 0.678446 0.973159 0.662821 0.980972 0.651571 0.934097 0.639071 0.961441 0.625321 0.938003 0.619071 0.871597 0.628446 0.758316 0.669071 0.711441
3 0.634071 0.016128 0.637821 0.000000 0.645946 0.000000 0.665946 0.027847 0.674696 0.023940 0.682821 0.059097 0.684696 0.090347 0.680321 0.152847 0.673446 0.148940 0.657196 0.098159 0.649696 0.109878 0.644696 0.078628 0.634071 0.078628
3 0.319071 0.020035 0.322821 0.003906 0.330946 0.003906 0.350946 0.031754 0.359696 0.027847 0.367821 0.063004 0.369696 0.094254 0.365321 0.156754 0.358446 0.152847 0.342196 0.102066 0.334696 0.113785 0.329696 0.082535 0.319071 0.082535
3 0.302821 0.461441 0.306571 0.445312 0.314696 0.445312 0.334696 0.473160 0.343446 0.469253 0.351571 0.504410 0.353446 0.535660 0.349071 0.598160 0.342196 0.594253 0.325946 0.543472 0.318446 0.555191 0.313446 0.523941 0.302821 0.523941
