2 0.882500 0.687500 0.883750 0.691406 0.883750 0.988281 0.880000 0.988281
2 0.972500 0.332031 0.972500 0.394531 0.971250 0.394531 0.971250 0.355469 0.970625 0.351562 0.970625 0.332031
2 0.885625 0.250000 0.886250 0.492188 0.883125 0.492188 0.882500 0.250000
2 0.976875 0.195312 0.980000 0.199219 0.980000 0.289062 0.981875 0.304688 0.981875 0.339844 0.980000 0.359375 0.981875 0.394531 0.981250 0.402344 0.975000 0.398438 0.973750 0.273438 0.976250 0.257812
2 0.923125 0.152344 0.921250 0.429688 0.918125 0.425781 0.920625 0.152344
2 0.935625 0.148438 0.935000 0.445312 0.932500 0.445312 0.932500 0.250000 0.930000 0.148438
2 0.956875 0.152344 0.954375 0.535156 0.950625 0.535156 0.951875 0.367188 0.950000 0.328125 0.952500 0.261719 0.952500 0.148438
2 0.872500 0.144531 0.870625 0.441406 0.868750 0.433594 0.869375 0.148438
2 0.916875 0.144531 0.917500 0.281250 0.915625 0.277344 0.915625 0.214844 0.915000 0.210938 0.915000 0.148438
2 0.408750 0.125000 0.410000 0.125000 0.411250 0.277344 0.408750 0.273438
2 0.894375 0.117188 0.893750 0.578125 0.889375 0.574219 0.887500 0.535156 0.886875 0.167969 0.891250 0.160156 0.891875 0.117188
2 0.901875 0.113281 0.907500 0.160156 0.907500 0.312500 0.905000 0.453125 0.901250 0.492188 0.903125 0.300781 0.899375 0.277344
2 0.406250 0.011719 0.406875 0.308594 0.404375 0.308594 0.403125 0.011719
2 0.581875 0.011719 0.580000 0.148438 0.573750 0.152344 0.573750 0.011719
2 0.736875 0.003906 0.740625 0.007812 0.742500 0.996094 0.735000 0.996094
3 0.658125 0.652344 0.656250 0.988281 0.640625 0.996094 0.629375 0.949219 0.616875 0.976562 0.603125 0.953125 0.596875 0.886719 0.606250 0.773438 0.646875 0.726562
3 0.611875 0.031250 0.615625 0.003906 0.623750 0.003906 0.643750 0.042969 0.652500 0.039062 0.660625 0.074219 0.662500 0.105469 0.658125 0.167969 0.651250 0.164062 0.635000 0.113281 0.627500 0.125000 0.622500 0.093750 0.611875 0.093750
3 0.247500 0.839844 0.251250 0.812500 0.259375 0.812500 0.279375 0.851563 0.288125 0.847656 0.296250 0.882813 0.298125 0.914063 0.293750 0.976563 0.286875 0.972656 0.270625 0.921875 0.263125 0.933594 0.258125 0.902344 0.247500 0.902344
3 0.998125 0.464844 0.996250 0.800781 0.980625 0.808594 0.969375 0.761719 0.956875 0.789062 0.943125 0.765625 0.936875 0.699219 0.946250 0.585938 0.986875 0.539062
