2 0.839375 0.691406 0.840000 0.996094 0.831875 0.996094 0.833125 0.695312
2 0.705000 0.660156 0.701250 0.980469 0.694375 0.980469 0.697500 0.656250
2 0.316875 0.390625 0.325000 0.390625 0.326875 0.648438 0.324375 0.828125 0.313125 0.820312 0.313750 0.562500 0.317500 0.546875
2 0.075000 0.218750 0.083125 0.218750 0.081250 0.222656 0.081250 0.558594 0.075000 0.546875
2 0.351250 0.089844 0.349375 0.820312 0.344375 0.828125 0.341875 0.992188 0.333750 0.992188 0.340000 0.089844
2 0.271875 0.007812 0.279375 0.011719 0.280000 0.339844 0.290000 0.324219 0.291250 0.503906 0.307500 0.550781 0.303125 0.675781 0.284375 0.609375 0.281250 0.351562 0.281250 0.671875 0.273125 0.675781
2 0.245000 0.003906 0.247500 0.496094 0.235000 0.496094 0.231250 0.003906
2 0.255625 0.003906 0.255000 0.253906 0.247500 0.253906 0.246875 0.003906
2 0.831250 0.000000 0.843125 0.003906 0.842500 0.500000 0.836250 0.500000 0.835625 0.003906
3 0.268125 0.449219 0.266875 0.660156 0.281875 0.746094 0.284375 0.832031 0.267500 0.886719 0.254375 0.812500 0.220000 0.898438 0.210000 0.851562 0.226875 0.804688 0.217500 0.781250 0.211250 0.707031 0.230000 0.648438 0.201250 0.625000 0.186875 0.574219 0.186250 0.519531 0.203750 0.468750 0.222500 0.531250
3 0.186875 0.238281 0.212500 0.261719 0.218750 0.296875 0.219375 0.339844 0.224375 0.386719 0.215000 0.390625 0.205625 0.363281 0.189375 0.289062
3 0.309375 0.003906 0.311875 0.019531 0.306875 0.062500 0.301250 0.085938 0.296875 0.144531 0.288750 0.191406 0.283125 0.187500 0.282500 0.156250 0.288750 0.093750 0.288750 0.023438 0.301250 0.003906
3 0.660625 0.121093 0.663125 0.136718 0.658125 0.179688 0.652500 0.203126 0.648125 0.261719 0.640000 0.308594 0.634375 0.304688 0.633750 0.273438 0.640000 0.210938 0.640000 0.140626 0.652500 0.121093
