2 0.780207 0.748420 0.780832 1.000000 0.772707 1.000000 0.773957 0.752326
2 0.645832 0.717170 0.642082 1.000000 0.635207 1.000000 0.638332 0.713264
2 0.257707 0.447639 0.265832 0.447639 0.267707 0.705452 0.265207 0.885139 0.253957 0.877326 0.254582 0.619514 0.258332 0.603889
2 0.015832 0.275764 0.023957 0.275764 0.022082 0.279670 0.022082 0.615608 0.015832 0.603889
2 0.292082 0.146858 0.290207 0.877326 0.285207 0.885139 0.282707 1.000000 0.274582 1.000000 0.280832 0.146858
2 0.212707 0.064826 0.220207 0.068733 0.220832 0.396858 0.230832 0.381233 0.232082 0.560920 0.248332 0.607795 0.243957 0.732795 0.225207 0.666389 0.222082 0.408576 0.222082 0.728889 0.213957 0.732795
2 0.185832 0.060920 0.188332 0.553108 0.175832 0.553108 0.172082 0.060920
2 0.196457 0.060920 0.195832 0.310920 0.188332 0.310920 0.187707 0.060920
2 0.772082 0.057014 0.783957 0.060920 0.783332 0.557014 0.777082 0.557014 0.776457 0.060920
3 0.208957 0.506233 0.207707 0.717170 0.222707 0.803108 0.225207 0.889045 0.208332 0.943733 0.195207 0.869514 0.160832 0.955452 0.150832 0.908576 0.167707 0.861702 0.158332 0.838264 0.152082 0.764045 0.170832 0.705452 0.142082 0.682014 0.127707 0.631233 0.127082 0.576545 0.144582 0.525764 0.163332 0.588264
3 0.127707 0.295295 0.153332 0.318733 0.159582 0.353889 0.160207 0.396858 0.165207 0.443733 0.155832 0.447639 0.146457 0.420295 0.130207 0.346076
3 0.250207 0.060920 0.252707 0.076545 0.247707 0.119514 0.242082 0.142952 0.237707 0.201545 0.229582 0.248420 0.223957 0.244514 0.223332 0.213264 0.229582 0.150764 0.229582 0.080452 0.242082 0.060920
3 0.894582 0.197639 0.897082 0.213264 0.892082 0.256233 0.886457 0.279671 0.882082 0.338264 0.873957 0.385139 0.868332 0.381233 0.867707 0.349983 0.873957 0.287483 0.873957 0.217171 0.886457 0.197639
3 0.523957 0.799201 0.549582 0.822639 0.555832 0.857795 0.556457 0.900764 0.561457 0.947639 0.552082 0.951545 0.542707 0.924201 0.526457 0.849982
