2 0.608125 0.070312 0.594375 0.085938 0.597500 0.472656 0.606875 0.472656
2 0.262500 0.011719 0.250000 0.015625 0.249375 0.468750 0.264375 0.464844 0.284375 0.410156 0.278750 0.125000 0.266250 0.105469
2 0.698125 0.003906 0.686875 0.003906 0.687500 0.328125 0.696250 0.320312
2 0.939375 0.003906 0.949375 0.968750 0.958125 0.996094 0.974375 0.976562 0.970000 0.003906
2 0.743750 0.000000 0.748750 0.003906 0.741875 0.007812 0.743125 0.996094 0.750625 0.996094 0.754375 0.582031 0.760625 0.511719 0.755000 0.003906
2 0.453125 0.003906 0.442500 0.140625 0.426250 0.152344 0.431875 0.335938 0.468750 0.355469 0.490625 0.261719 0.497500 0.996094 0.505000 0.996094 0.499375 0.003906 0.506875 0.300781 0.515000 0.300781 0.517500 0.003906
3 0.084375 0.375000 0.086250 0.472656 0.076250 0.574219 0.081250 0.691406 0.163125 0.929688 0.169375 0.996094 0.225000 0.996094 0.210000 0.816406 0.209375 0.714844 0.180625 0.609375 0.178125 0.484375 0.123125 0.339844
3 0.909375 0.164062 0.848750 0.105469 0.853125 0.160156 0.818125 0.191406 0.817500 0.273438 0.841875 0.367188 0.790625 0.640625 0.785000 0.843750 0.803125 0.820312 0.814375 0.894531 0.821250 0.816406 0.831875 0.878906 0.853750 0.718750 0.857500 0.507812 0.908750 0.476562 0.918125 0.335938
3 0.384375 0.234375 0.386250 0.332031 0.376250 0.433594 0.381250 0.550781 0.463125 0.789063 0.469375 0.855469 0.525000 0.855469 0.510000 0.675781 0.509375 0.574219 0.480625 0.468750 0.478125 0.343750 0.423125 0.199219
3 0.844375 0.222656 0.846250 0.320312 0.836250 0.421875 0.841250 0.539062 0.923125 0.777344 0.929375 0.843750 0.985000 0.843750 0.970000 0.664062 0.969375 0.562500 0.940625 0.457031 0.938125 0.332031 0.883125 0.187500
3 0.921250 0.117187 0.860625 0.058594 0.865000 0.113281 0.830000 0.144531 0.829375 0.226563 0.853750 0.320313 0.802500 0.593750 0.796875 0.796875 0.815000 0.773437 0.826250 0.847656 0.833125 0.769531 0.843750 0.832031 0.865625 0.671875 0.869375 0.460937 0.920625 0.429687 0.930000 0.289063
