3 0.101084 0.922775 0.100459 0.957931 0.102959 0.985275 0.129209 1.000000 0.134834 1.000000 0.133584 0.996994 0.124209 0.946213 0.109209 0.911056
3 0.138584 0.903244 0.141084 0.993087 0.153584 1.000000 0.173584 1.000000 0.182959 1.000000 0.198584 1.000000 0.227959 1.000000 0.235459 1.000000 0.186709 0.938400 0.164834 0.965744
3 0.320459 0.914963 0.305459 0.879806 0.288584 1.000000 0.309834 1.000000 0.312334 1.000000 0.320459 0.938400
3 0.044209 0.801681 0.037959 0.809494 0.029209 0.868087 0.032959 0.965744 0.026709 1.000000 0.030459 1.000000 0.037334 1.000000 0.039834 0.930587 0.050459 0.938400 0.051084 0.911056 0.057959 0.922775 0.062334 0.903244 0.059834 0.864181
3 0.894209 0.282150 0.882959 0.282150 0.876709 0.301681 0.867959 0.360275 0.872959 0.485275 0.893584 0.422775 0.897334 0.391525
3 0.822959 0.239181 0.814209 0.282150 0.805459 0.391525 0.802334 0.512619 0.811709 0.606369 0.827959 0.606369 0.840459 0.629806 0.847959 0.575119 0.847959 0.500900 0.856084 0.383713 0.841709 0.246994
3 0.703584 0.246994 0.698584 0.297775 0.697334 0.395431 0.709834 0.575119 0.739834 0.536056 0.751709 0.297775 0.746709 0.235275 0.722334 0.258713 0.712334 0.231369
3 0.077334 0.106369 0.082959 0.391525 0.091709 0.496994 0.114209 0.493087 0.127334 0.598556 0.136709 0.614181 0.159209 0.555587 0.173584 0.317306 0.174209 0.106369
3 0.000000 0.188400 0.006709 0.360275 0.022959 0.403244 0.034209 0.383713 0.036709 0.348556 0.050459 0.364181 0.072959 0.094650 0.000000 0.086837
3 0.200459 0.301681 0.191709 0.344650 0.182959 0.454025 0.179834 0.575119 0.189209 0.668869 0.205459 0.668869 0.217959 0.692306 0.225459 0.637619 0.225459 0.563400 0.233584 0.446213 0.219209 0.309494
