3 0.819375 0.843750 0.820000 0.878906 0.817500 0.906250 0.791250 0.976562 0.785625 0.949219 0.786875 0.917969 0.796250 0.867188 0.811250 0.832031
3 0.781875 0.824219 0.779375 0.914062 0.766875 0.949219 0.746875 0.960938 0.737500 0.941406 0.721875 0.992188 0.692500 0.988281 0.685000 0.957031 0.733750 0.859375 0.755625 0.886719
3 0.600000 0.835938 0.615000 0.800781 0.631875 0.980469 0.610625 0.992188 0.608125 0.921875 0.600000 0.859375
3 0.876250 0.722656 0.882500 0.730469 0.891250 0.789062 0.887500 0.886719 0.893750 0.949219 0.890000 0.996094 0.883125 0.996094 0.880625 0.851562 0.870000 0.859375 0.869375 0.832031 0.862500 0.843750 0.858125 0.824219 0.860625 0.785156
3 0.026250 0.203125 0.037500 0.203125 0.043750 0.222656 0.052500 0.281250 0.047500 0.406250 0.026875 0.343750 0.023125 0.312500
3 0.097500 0.160156 0.106250 0.203125 0.115000 0.312500 0.118125 0.433594 0.108750 0.527344 0.092500 0.527344 0.080000 0.550781 0.072500 0.496094 0.072500 0.421875 0.064375 0.304688 0.078750 0.167969
3 0.216875 0.167969 0.221875 0.218750 0.223125 0.316406 0.210625 0.496094 0.180625 0.457031 0.168750 0.218750 0.173750 0.156250 0.198125 0.179688 0.208125 0.152344
3 0.843125 0.027344 0.837500 0.312500 0.828750 0.417969 0.806250 0.414062 0.793125 0.519531 0.783750 0.535156 0.761250 0.476562 0.746875 0.238281 0.746250 0.027344
3 0.926250 0.109375 0.913750 0.281250 0.897500 0.324219 0.886250 0.304688 0.883750 0.269531 0.870000 0.285156 0.847500 0.015625 0.925000 0.007812
3 0.838125 0.289063 0.853125 0.253906 0.870000 0.433594 0.848750 0.445313 0.846250 0.375000 0.838125 0.312500
3 0.753125 0.519531 0.758125 0.570312 0.759375 0.667969 0.746875 0.847656 0.716875 0.808594 0.705000 0.570312 0.710000 0.507812 0.734375 0.531250 0.744375 0.503906
3 0.766250 0.335938 0.753750 0.507812 0.737500 0.550781 0.726250 0.531250 0.723750 0.496094 0.710000 0.511719 0.687500 0.242188 0.765000 0.234374
