2 0.721658 0.480816 0.711033 0.484722 0.711033 0.570660 0.706657 0.668316 0.711033 0.668316 0.717907 0.652691
2 0.677907 0.344097 0.674783 0.418316 0.681657 0.422222 0.685408 0.547222 0.693532 0.531597 0.692908 0.344097
2 0.680408 0.051128 0.681032 0.183941 0.688532 0.183941 0.695408 0.051128
2 0.438532 0.051128 0.437907 0.211284 0.447907 0.207378 0.451657 0.176128 0.452907 0.051128
2 0.569157 0.051128 0.569782 0.320660 0.579782 0.426128 0.576033 0.926128 0.582907 1.000000 0.607907 1.000000 0.614157 0.512066 0.610407 0.051128
3 0.207282 0.871441 0.202907 0.926128 0.201657 1.000000 0.212907 0.988628 0.222907 1.000000 0.235407 1.000000 0.241032 0.949566 0.236032 0.851910 0.219157 0.848003
3 0.356657 0.644878 0.329782 0.715191 0.321657 0.777691 0.320407 0.824566 0.329157 0.875347 0.328532 0.902691 0.339157 0.933941 0.347282 1.000000 0.361032 1.000000 0.382282 0.945660 0.380407 0.902691 0.391032 0.867534 0.391657 0.840191 0.384157 0.808941 0.379157 0.738628 0.367282 0.660503
3 0.398532 0.488628 0.390407 0.504253 0.388532 0.562847 0.383532 0.578472 0.381032 0.605816 0.381657 0.672222 0.379782 0.699566 0.386032 0.738628 0.394157 0.765972 0.406657 0.695660 0.407907 0.555034 0.399782 0.555034
3 0.248532 0.519878 0.246032 0.492534 0.241032 0.476910 0.235407 0.500347 0.231032 0.484722 0.223532 0.492534 0.219157 0.515972 0.223532 0.566753 0.229157 0.590191 0.239157 0.613628 0.243532 0.601910 0.246032 0.582378
3 0.349782 0.402691 0.351657 0.430034 0.360407 0.445660 0.357907 0.484722 0.361032 0.523784 0.371032 0.582378 0.384782 0.562847 0.388532 0.539410 0.388532 0.484722 0.371657 0.351910 0.360407 0.348003
3 0.427907 0.164410 0.408532 0.152691 0.404782 0.195660 0.407282 0.269878 0.413532 0.316753 0.419782 0.262066 0.429157 0.258160 0.425407 0.242534 0.429157 0.195660
3 0.326657 0.148784 0.325407 0.258160 0.331657 0.265972 0.347282 0.375347 0.361032 0.332378 0.399782 0.340191 0.397282 0.285503 0.382907 0.199566 0.374782 0.113628 0.370407 0.129253 0.345407 0.055034 0.349782 0.164410 0.335407 0.133160
3 0.026657 0.055035 0.022282 0.109722 0.021032 0.183594 0.032282 0.172222 0.042282 0.183594 0.054782 0.183594 0.060407 0.133160 0.055407 0.035504 0.038532 0.031597
3 0.453532 0.187848 0.434157 0.176129 0.430407 0.219098 0.432907 0.293316 0.439157 0.340191 0.445407 0.285504 0.454782 0.281598 0.451032 0.265972 0.454782 0.219098
