2 0.345497 0.358816 0.356122 0.362722 0.356122 0.448660 0.360497 0.546316 0.356122 0.546316 0.349247 0.530691
2 0.389247 0.222097 0.392372 0.296316 0.385497 0.300222 0.381747 0.425222 0.373622 0.409597 0.374247 0.222097
2 0.386747 0.000000 0.386122 0.061941 0.378622 0.061941 0.371747 0.000000
2 0.628622 0.000000 0.629247 0.089284 0.619247 0.085378 0.615497 0.054128 0.614247 0.000000
2 0.497997 0.000000 0.497372 0.198660 0.487372 0.304128 0.491122 0.804128 0.484247 0.921316 0.459247 0.921316 0.452997 0.390066 0.456747 0.000000
3 0.859872 0.749441 0.864247 0.804128 0.865497 0.897878 0.854247 0.866628 0.844247 0.921316 0.831747 0.917410 0.826122 0.827566 0.831122 0.729910 0.847997 0.726003
3 0.710497 0.522878 0.737372 0.593191 0.745497 0.655691 0.746747 0.702566 0.737997 0.753347 0.738622 0.780691 0.727997 0.811941 0.719872 0.882253 0.706122 0.897878 0.684872 0.823660 0.686747 0.780691 0.676122 0.745534 0.675497 0.718191 0.682997 0.686941 0.687997 0.616628 0.699872 0.538503
3 0.668622 0.366628 0.676747 0.382253 0.678622 0.440847 0.683622 0.456472 0.686122 0.483816 0.685497 0.550222 0.687372 0.577566 0.681122 0.616628 0.672997 0.643972 0.660497 0.573660 0.659247 0.433034 0.667372 0.433034
3 0.818622 0.397878 0.821122 0.370534 0.826122 0.354910 0.831747 0.378347 0.836122 0.362722 0.843622 0.370534 0.847997 0.393972 0.843622 0.444753 0.837997 0.468191 0.827997 0.491628 0.823622 0.479910 0.821122 0.460378
3 0.717372 0.280691 0.715497 0.308034 0.706747 0.323660 0.709247 0.362722 0.706122 0.401784 0.696122 0.460378 0.682372 0.440847 0.678622 0.417410 0.678622 0.362722 0.695497 0.229910 0.706747 0.226003
3 0.639247 0.042410 0.658622 0.030691 0.662372 0.073660 0.659872 0.147878 0.653622 0.194753 0.647372 0.140066 0.637997 0.136160 0.641747 0.120534 0.637997 0.073660
3 0.740497 0.026784 0.741747 0.136160 0.735497 0.143972 0.719872 0.253347 0.706122 0.210378 0.667372 0.218191 0.669872 0.163503 0.684247 0.077566 0.692372 0.000000 0.696747 0.007253 0.721747 0.000000 0.717372 0.042410 0.731747 0.011160
3 0.285497 0.503347 0.289872 0.558034 0.291122 0.651784 0.279872 0.620534 0.269872 0.675222 0.257372 0.671316 0.251747 0.581472 0.256747 0.483816 0.273622 0.479909
3 0.563622 0.679128 0.567997 0.733815 0.569247 0.827565 0.557997 0.796315 0.547997 0.851003 0.535497 0.847097 0.529872 0.757253 0.534872 0.659597 0.551747 0.655690
