2 0.483960 0.686740 0.485210 0.944553 0.476460 0.944553 0.473960 0.686740
2 0.532710 0.682834 0.547085 0.686740 0.548960 0.905490 0.533960 0.901584
2 0.487710 0.671115 0.493960 0.675021 0.497085 0.885959 0.488335 0.885959
2 0.052710 0.346897 0.050835 0.393771 0.042085 0.393771 0.043335 0.342990
2 0.543335 0.202365 0.547710 0.401584 0.532710 0.401584 0.531460 0.217990
2 0.309585 0.026584 0.318960 0.042209 0.320835 0.132053 0.322085 0.350803 0.313335 0.389865
2 0.386460 0.026584 0.387710 0.788303 0.379585 0.788303 0.377710 0.026584
2 0.343335 0.000000 0.352710 0.000000 0.357085 0.292209 0.345835 0.296115
2 0.483335 0.000000 0.485210 0.573459 0.477085 0.565647 0.472710 0.000000
3 0.758960 0.335178 0.713335 0.374240 0.692085 0.303928 0.658960 0.303928 0.647710 0.186740 0.598960 0.241428 0.590835 0.151584 0.616460 0.096897 0.629585 0.000000 0.675210 0.026584 0.698335 0.000000 0.703960 0.100803 0.679585 0.124240 0.710835 0.229709 0.704585 0.163303 0.738335 0.061740 0.753335 0.112521 0.745835 0.210178
3 0.771460 0.366428 0.725835 0.405490 0.704585 0.335178 0.671460 0.335178 0.660210 0.217990 0.611460 0.272678 0.603335 0.182834 0.628960 0.128147 0.642085 0.031250 0.687710 0.057834 0.710835 0.031250 0.716460 0.132053 0.692085 0.155490 0.723335 0.260959 0.717085 0.194553 0.750835 0.092990 0.765835 0.143771 0.758335 0.241428
