2 0.475162 0.662663 0.476412 0.920476 0.467662 0.920476 0.465162 0.662663
2 0.523912 0.658757 0.538287 0.662663 0.540162 0.881413 0.525162 0.877507
2 0.478912 0.647038 0.485162 0.650944 0.488287 0.861882 0.479537 0.861882
2 0.043912 0.322820 0.042037 0.369694 0.033287 0.369694 0.034537 0.318913
2 0.534537 0.178288 0.538912 0.377507 0.523912 0.377507 0.522662 0.193913
2 0.300787 0.002507 0.310162 0.018132 0.312037 0.107976 0.313287 0.326726 0.304537 0.365788
2 0.377662 0.002507 0.378912 0.764226 0.370787 0.764226 0.368912 0.002507
2 0.334537 0.000000 0.343912 0.000000 0.348287 0.268132 0.337037 0.272038
2 0.474537 0.000000 0.476412 0.549382 0.468287 0.541570 0.463912 0.000000
3 0.750162 0.311101 0.704537 0.350163 0.683287 0.279851 0.650162 0.279851 0.638912 0.162663 0.590162 0.217351 0.582037 0.127507 0.607662 0.072820 0.620787 0.000000 0.666412 0.002507 0.689537 0.000000 0.695162 0.076726 0.670787 0.100163 0.702037 0.205632 0.695787 0.139226 0.729537 0.037663 0.744537 0.088444 0.737037 0.186101
3 0.856412 0.748601 0.810787 0.787663 0.789537 0.717351 0.756412 0.717351 0.745162 0.600163 0.696412 0.654851 0.688287 0.565007 0.713912 0.510320 0.727037 0.437500 0.772662 0.440007 0.795787 0.437500 0.801412 0.514226 0.777037 0.537663 0.808287 0.643132 0.802037 0.576726 0.835787 0.475163 0.850787 0.525944 0.843287 0.623601
