2 0.477301 0.827320 0.513551 0.960133 0.516676 0.936695 0.479801 0.807789
2 0.439801 0.827320 0.478551 0.971852 0.481676 0.956226 0.442926 0.803883
2 0.501676 0.651539 0.501051 0.678883 0.596676 1.000000 0.604176 1.000000
2 0.730426 0.475758 0.792926 0.768726 0.799176 0.753102 0.732926 0.471852
2 0.347301 0.159352 0.407926 0.374195 0.412926 0.335133 0.357301 0.100758
2 0.641051 0.053883 0.665426 0.194508 0.669176 0.171070 0.644176 0.049976
3 0.207926 0.432789 0.192926 0.479664 0.191676 0.534352 0.199176 0.592945 0.212301 0.600758 0.207301 0.643726 0.210426 0.733570 0.216051 0.745289 0.217926 0.682789 0.224801 0.807789 0.234801 0.757008 0.237301 0.682789 0.225426 0.596852 0.217301 0.600758 0.225426 0.561695 0.224801 0.483570 0.217301 0.491383 0.215426 0.436695
3 0.196676 0.327320 0.194801 0.374195 0.197926 0.405445 0.201051 0.405445 0.209801 0.366383 0.218551 0.401539 0.217301 0.436695 0.219176 0.448414 0.222301 0.440602 0.225426 0.378102 0.225426 0.342945 0.221676 0.307789 0.211676 0.296070 0.208551 0.315602 0.199801 0.315602
3 0.222926 0.147633 0.219801 0.124195 0.214801 0.108570 0.208551 0.116383 0.202301 0.151539 0.194176 0.178883 0.191051 0.229664 0.194801 0.253102 0.205426 0.264820 0.215426 0.221852 0.210426 0.186695 0.212926 0.159352 0.218551 0.163258
3 0.646676 0.112476 0.631676 0.159351 0.630426 0.214039 0.637926 0.272632 0.651051 0.280445 0.646051 0.323413 0.649176 0.413257 0.654801 0.424976 0.656676 0.362476 0.663551 0.487476 0.673551 0.436695 0.676051 0.362476 0.664176 0.276539 0.656051 0.280445 0.664176 0.241382 0.663551 0.163257 0.656051 0.171070 0.654176 0.116382
3 0.797926 0.397632 0.782926 0.444507 0.781676 0.499195 0.789176 0.557788 0.802301 0.565601 0.797301 0.608569 0.800426 0.698413 0.806051 0.710132 0.807926 0.647632 0.814801 0.772632 0.824801 0.721851 0.827301 0.647632 0.815426 0.561695 0.807301 0.565601 0.815426 0.526538 0.814801 0.448413 0.807301 0.456226 0.805426 0.401538
3 0.385426 0.065601 0.370426 0.112476 0.369176 0.167164 0.376676 0.225757 0.389801 0.233570 0.384801 0.276538 0.387926 0.366382 0.393551 0.378101 0.395426 0.315601 0.402301 0.440601 0.412301 0.389820 0.414801 0.315601 0.402926 0.229664 0.394801 0.233570 0.402926 0.194507 0.402301 0.116382 0.394801 0.124195 0.392926 0.069507
