2 0.528419 0.792002 0.492169 0.924815 0.489044 0.901377 0.525919 0.772471
2 0.565919 0.792002 0.527169 0.936534 0.524044 0.920908 0.562794 0.768565
2 0.504044 0.616221 0.504669 0.643565 0.409044 0.995127 0.401544 0.971690
2 0.275294 0.440440 0.212794 0.733408 0.206544 0.717784 0.272794 0.436534
2 0.658419 0.124034 0.597794 0.338877 0.592794 0.299815 0.648419 0.065440
2 0.364669 0.018565 0.340294 0.159190 0.336544 0.135752 0.361544 0.014658
3 0.797794 0.397471 0.812794 0.444346 0.814044 0.499034 0.806544 0.557627 0.793419 0.565440 0.798419 0.608408 0.795294 0.698252 0.789669 0.709971 0.787794 0.647471 0.780919 0.772471 0.770919 0.721690 0.768419 0.647471 0.780294 0.561534 0.788419 0.565440 0.780294 0.526377 0.780919 0.448252 0.788419 0.456065 0.790294 0.401377
3 0.809044 0.292002 0.810919 0.338877 0.807794 0.370127 0.804669 0.370127 0.795919 0.331065 0.787169 0.366221 0.788419 0.401377 0.786544 0.413096 0.783419 0.405284 0.780294 0.342784 0.780294 0.307627 0.784044 0.272471 0.794044 0.260752 0.797169 0.280284 0.805919 0.280284
3 0.782794 0.112315 0.785919 0.088877 0.790919 0.073252 0.797169 0.081065 0.803419 0.116221 0.811544 0.143565 0.814669 0.194346 0.810919 0.217784 0.800294 0.229502 0.790294 0.186534 0.795294 0.151377 0.792794 0.124034 0.787169 0.127940
3 0.270919 0.393564 0.272794 0.440439 0.269669 0.471689 0.266544 0.471689 0.257794 0.432627 0.249044 0.467783 0.250294 0.502939 0.248419 0.514658 0.245294 0.506846 0.242169 0.444346 0.242169 0.409189 0.245919 0.374033 0.255919 0.362314 0.259044 0.381846 0.267794 0.381846
