2 0.794740 0.702195 0.782865 0.721726 0.788490 0.944382 0.791615 0.944382 0.792865 0.909226
2 0.964740 0.655319 0.955365 0.663132 0.960365 0.881882 0.965990 0.870163
2 0.767865 0.651413 0.755990 0.663132 0.759740 0.956101 0.766615 0.956101
2 0.863490 0.639695 0.867865 0.956101 0.874740 0.956101 0.872865 0.635788
2 0.894115 0.624069 0.885365 0.631882 0.887865 0.924851 0.894740 0.917038
2 0.938490 0.585007 0.929115 0.592819 0.931615 0.885788 0.939115 0.881882
2 0.949115 0.538132 0.940990 0.565476 0.945990 0.940476 0.946615 0.956101 0.954740 0.956101
2 0.971615 0.522507 0.976615 0.944382 0.980990 0.944382 0.978490 0.522507
2 0.894740 0.479538 0.900365 0.913132 0.905365 0.913132 0.905365 0.487351
3 0.169740 0.635788 0.158490 0.678757 0.157865 0.710007 0.155365 0.741257 0.159740 0.768601 0.169740 0.788132 0.177240 0.792038 0.179740 0.729538 0.179740 0.678757 0.175365 0.651413
3 0.045990 0.440476 0.039740 0.456101 0.040990 0.499069 0.032240 0.553757 0.030990 0.643601 0.026615 0.694382 0.026615 0.768601 0.032865 0.846726 0.040990 0.815476 0.052865 0.713913 0.053490 0.569382 0.064115 0.534226 0.060990 0.456101
3 0.333490 0.217819 0.325990 0.233445 0.322865 0.249069 0.322240 0.276413 0.324740 0.327195 0.322240 0.354538 0.322240 0.405319 0.331615 0.413132 0.339115 0.342819 0.339740 0.303757 0.337865 0.233445
3 0.144115 0.178757 0.132865 0.127976 0.122865 0.159226 0.110990 0.155319 0.102865 0.186569 0.083490 0.147507 0.064115 0.182663 0.059740 0.268601 0.075990 0.381882 0.105365 0.405319 0.123490 0.323288 0.143490 0.284226 0.141615 0.206101
3 0.071615 0.000000 0.071615 0.000000 0.074740 0.022507 0.080365 0.022507 0.094115 0.002976 0.094115 0.000000
3 0.602240 0.545945 0.595990 0.561570 0.597240 0.604538 0.588490 0.659226 0.587240 0.749070 0.582865 0.799851 0.582865 0.874070 0.589115 0.952195 0.597240 0.920945 0.609115 0.819382 0.609740 0.674851 0.620365 0.639695 0.617240 0.561570
3 0.205365 0.295945 0.199115 0.311570 0.200365 0.354538 0.191615 0.409226 0.190365 0.499070 0.185990 0.549851 0.185990 0.624070 0.192240 0.702195 0.200365 0.670945 0.212240 0.569382 0.212865 0.424851 0.223490 0.389695 0.220365 0.311570
