2 0.189409 0.802957 0.201284 0.822488 0.195659 1.000000 0.192534 1.000000 0.191284 1.000000
2 0.019409 0.756081 0.028784 0.763894 0.023784 0.982644 0.018159 0.970925
2 0.216284 0.752175 0.228159 0.763894 0.224409 1.000000 0.217534 1.000000
2 0.120659 0.740457 0.116284 1.000000 0.109409 1.000000 0.111284 0.736550
2 0.090034 0.724831 0.098784 0.732644 0.096284 1.000000 0.089409 1.000000
2 0.045659 0.685769 0.055034 0.693581 0.052534 0.986550 0.045034 0.982644
2 0.035034 0.638894 0.043159 0.666238 0.038159 1.000000 0.037534 1.000000 0.029409 1.000000
2 0.012534 0.623269 0.007534 1.000000 0.003159 1.000000 0.005659 0.623269
2 0.089409 0.580300 0.083784 1.000000 0.078784 1.000000 0.078784 0.588113
3 0.814409 0.736550 0.825659 0.779519 0.826284 0.810769 0.828784 0.842019 0.824409 0.869363 0.814409 0.888894 0.806909 0.892800 0.804409 0.830300 0.804409 0.779519 0.808784 0.752175
3 0.938159 0.541238 0.944409 0.556863 0.943159 0.599831 0.951909 0.654519 0.953159 0.744363 0.957534 0.795144 0.957534 0.869363 0.951284 0.947488 0.943159 0.916238 0.931284 0.814675 0.930659 0.670144 0.920034 0.634988 0.923159 0.556863
3 0.650659 0.318581 0.658159 0.334207 0.661284 0.349831 0.661909 0.377175 0.659409 0.427957 0.661909 0.455300 0.661909 0.506081 0.652534 0.513894 0.645034 0.443581 0.644409 0.404519 0.646284 0.334207
3 0.840034 0.279519 0.851284 0.228738 0.861284 0.259988 0.873159 0.256081 0.881284 0.287331 0.900659 0.248269 0.920034 0.283425 0.924409 0.369363 0.908159 0.482644 0.878784 0.506081 0.860659 0.424050 0.840659 0.384988 0.842534 0.306863
3 0.912534 0.064675 0.912534 0.084207 0.909409 0.123269 0.903784 0.123269 0.890034 0.103738 0.890034 0.064675
3 0.538784 0.427957 0.545034 0.443582 0.543784 0.486550 0.552534 0.541238 0.553784 0.631082 0.558159 0.681863 0.558159 0.756082 0.551909 0.834207 0.543784 0.802957 0.531909 0.701394 0.531284 0.556863 0.520659 0.521707 0.523784 0.443582
3 0.580034 0.502175 0.591284 0.451394 0.601284 0.482644 0.613159 0.478737 0.621284 0.509987 0.640659 0.470925 0.660034 0.506081 0.664409 0.592019 0.648159 0.705300 0.618784 0.728737 0.600659 0.646706 0.580659 0.607644 0.582534 0.529519
