2 0.275966 0.718442 0.257841 0.730161 0.257216 0.894223 0.259091 0.976255 0.265341 0.976255 0.268466 0.945005 0.272216 0.796567
2 0.752841 0.237973 0.751591 0.355161 0.789716 0.386411 0.789716 0.269223
2 0.654091 0.058286 0.638466 0.097349 0.645341 0.296567 0.659091 0.288755
2 0.324091 0.000000 0.342841 0.749692 0.354716 0.749692 0.334716 0.000000
3 0.367216 0.261411 0.375966 0.487973 0.389716 0.530942 0.394091 0.441099 0.407841 0.460630 0.417841 0.429380 0.434091 0.468442 0.446591 0.433286 0.457216 0.304380 0.439716 0.273130 0.426591 0.300473 0.389716 0.245786
3 0.491591 0.116880 0.477216 0.136411 0.476591 0.214536 0.479091 0.241880 0.488466 0.249692 0.492216 0.234067 0.494091 0.187192
3 0.517841 0.046567 0.509091 0.046567 0.502216 0.093442 0.498466 0.175473 0.500966 0.245786 0.510966 0.249692 0.519716 0.226255 0.525341 0.124692
3 0.530966 0.000000 0.529716 0.062192 0.534716 0.081723 0.542841 0.038755 0.546591 0.081723 0.546591 0.187192 0.559091 0.362973 0.577841 0.421567 0.591591 0.398130 0.589091 0.163755 0.604716 0.066099 0.600966 0.011411 0.578466 0.000000 0.585966 0.101255 0.575966 0.144223 0.564091 0.116880 0.547841 0.000000
3 0.282216 0.152036 0.273466 0.152036 0.266591 0.198911 0.262841 0.280942 0.265341 0.351255 0.275341 0.355161 0.284091 0.331724 0.289716 0.230161
3 0.038466 0.675474 0.047216 0.902036 0.060966 0.945005 0.065341 0.855162 0.079091 0.874693 0.089091 0.843443 0.105341 0.882505 0.117841 0.847349 0.128466 0.718443 0.110966 0.687193 0.097841 0.714536 0.060966 0.659849
3 0.472841 0.491880 0.481591 0.718442 0.495341 0.761411 0.499716 0.671568 0.513466 0.691099 0.523466 0.659849 0.539716 0.698911 0.552216 0.663755 0.562841 0.534849 0.545341 0.503599 0.532216 0.530942 0.495341 0.476255
