2 0.457077 0.704870 0.451452 0.931432 0.457702 0.935339 0.460202 0.720495
2 0.247077 0.501745 0.243952 0.931432 0.245827 0.935339
2 0.242702 0.447057 0.240202 0.447057 0.238952 0.935339
2 0.097702 0.407995 0.095202 0.458776 0.092702 0.810339
2 0.348327 0.400182 0.343952 0.743932 0.347702 0.743932
2 0.337702 0.392370 0.332702 0.939245 0.336452 0.939245
2 0.256452 0.341589 0.253952 0.927526 0.256452 0.923620
2 0.197702 0.314245 0.193952 0.904089 0.196452 0.818151
2 0.110827 0.189245 0.107702 0.513463 0.110202 0.509557
2 0.514577 0.165807 0.509577 0.775182 0.513327 0.775182
2 0.960827 0.130651 0.956452 0.919713 0.959577 0.904089 0.964577 0.134557
2 0.413327 0.091589 0.405827 0.611120 0.402702 0.111120 0.400827 0.822057 0.405827 0.935339 0.413952 0.923620
2 0.105827 0.064245 0.102702 0.525182 0.104577 0.552526
2 0.929577 0.000000 0.926452 0.435339 0.928327 0.474401 0.935202 0.000000
2 0.723952 0.000000 0.715827 0.000000 0.713327 0.915807 0.719577 0.915807
3 0.917702 0.868932 0.910202 0.872839 0.907702 0.911901 0.915827 0.919713 0.918952 0.896276 0.918952 0.888463 0.918327 0.884557
3 0.918327 0.400182 0.913327 0.415807 0.912702 0.474401 0.902077 0.529089 0.904577 0.568151 0.895827 0.634557 0.909577 0.802526 0.922077 0.837682 0.929577 0.779089 0.932077 0.708776 0.930202 0.646276 0.916452 0.638463 0.930202 0.556432
3 0.049577 0.072057 0.044577 0.087682 0.043952 0.146276 0.033327 0.200964 0.035827 0.240026 0.027077 0.306432 0.040827 0.474401 0.053327 0.509557 0.060827 0.450964 0.063327 0.380651 0.061452 0.318151 0.047702 0.310338 0.061452 0.228307
