2 0.565625 0.761719 0.571250 0.988281 0.565000 0.992188 0.562500 0.777344
2 0.775625 0.558594 0.778750 0.988281 0.776875 0.992188
2 0.780000 0.503906 0.782500 0.503906 0.783750 0.992188
2 0.925000 0.464844 0.927500 0.515625 0.930000 0.867188
2 0.674375 0.457031 0.678750 0.800781 0.675000 0.800781
2 0.685000 0.449219 0.690000 0.996094 0.686250 0.996094
2 0.766250 0.398438 0.768750 0.984375 0.766250 0.980469
2 0.825000 0.371094 0.828750 0.960938 0.826250 0.875000
2 0.911875 0.246094 0.915000 0.570312 0.912500 0.566406
2 0.508125 0.222656 0.513125 0.832031 0.509375 0.832031
2 0.061875 0.187500 0.066250 0.976562 0.063125 0.960938 0.058125 0.191406
2 0.609375 0.148438 0.616875 0.667969 0.620000 0.167969 0.621875 0.878906 0.616875 0.992188 0.608750 0.980469
2 0.916875 0.121094 0.920000 0.582031 0.918125 0.609375
2 0.093125 0.019531 0.096250 0.492188 0.094375 0.531250 0.087500 0.035156
2 0.298750 0.007812 0.306875 0.015625 0.309375 0.972656 0.303125 0.972656
3 0.105000 0.925781 0.112500 0.929688 0.115000 0.968750 0.106875 0.976562 0.103750 0.953125 0.103750 0.945312 0.104375 0.941406
3 0.104375 0.457031 0.109375 0.472656 0.110000 0.531250 0.120625 0.585938 0.118125 0.625000 0.126875 0.691406 0.113125 0.859375 0.100625 0.894531 0.093125 0.835938 0.090625 0.765625 0.092500 0.703125 0.106250 0.695312 0.092500 0.613281
3 0.515000 0.281250 0.520000 0.296875 0.520625 0.355469 0.531250 0.410157 0.528750 0.449219 0.537500 0.515625 0.523750 0.683594 0.511250 0.718750 0.503750 0.660157 0.501250 0.589844 0.503125 0.527344 0.516875 0.519531 0.503125 0.437500
