2 1.000000 0.428937 1.000000 0.581281 1.000000 0.604718 1.000000 0.479718
2 0.967891 0.000000 1.000000 0.171125 1.000000 0.182843
2 0.939766 0.000000 1.000000 0.534406 0.951641 0.069562 0.968516 0.132062
3 0.112266 0.831281 0.112891 0.835187 0.113516 0.835187 0.113516 0.846906 0.112891 0.842999 0.112891 0.839093 0.112266 0.835187
3 0.598516 0.776593 0.601016 0.909406 0.597266 0.948468 0.528516 0.952375 0.534141 0.807843 0.541016 0.776593
3 0.081641 0.550031 0.087891 0.546125 0.092891 0.585187 0.101641 0.569562 0.107891 0.577375 0.110391 0.663312 0.106016 0.737531 0.092891 0.753156 0.081641 0.596906
3 0.957266 0.217999 0.976016 0.280499 0.981016 0.315656 0.982266 0.370343 0.990391 0.413312 0.995391 0.581281 0.987266 0.686749 0.978516 0.737531 0.974141 0.710187 0.970391 0.620343 0.966016 0.624249 0.959766 0.499249 0.966016 0.354718
3 0.121641 0.370343 0.131016 0.331281 0.144141 0.413312 0.147891 0.264875 0.182266 0.053937 0.227266 0.456281 0.234766 0.651593 0.259141 0.928937 0.114766 0.811749
3 0.635391 0.007062 0.632266 0.132062 0.611641 0.237531 0.629141 0.378156 0.601641 0.436749 0.634141 0.577375 0.639141 0.710187 0.593516 0.589093 0.591016 0.643781 0.559766 0.717999 0.547266 0.690656 0.549766 0.534406 0.580391 0.225812 0.581641 0.000000
3 0.807891 0.000000 0.846016 0.050031 0.888516 0.428937 0.942891 0.456281 0.941641 0.776593 0.844766 0.905499 0.836641 0.710187 0.891641 0.671125 0.844141 0.565656 0.831016 0.616437 0.814141 0.538312 0.810391 0.374249 0.821641 0.335187 0.807891 0.233625
3 0.859766 0.182843 0.856641 0.307843 0.836016 0.413312 0.853516 0.553937 0.826016 0.612530 0.858516 0.753156 0.863516 0.885968 0.817891 0.764874 0.815391 0.819562 0.784141 0.893780 0.771641 0.866437 0.774141 0.710187 0.804766 0.401593 0.806016 0.175781
3 0.889141 0.112531 0.886016 0.237531 0.865391 0.343000 0.882891 0.483625 0.855391 0.542218 0.887891 0.682844 0.892891 0.815656 0.847266 0.694562 0.844766 0.749250 0.813516 0.823468 0.801016 0.796125 0.803516 0.639875 0.834141 0.331281 0.835391 0.105469
