2 0.034375 0.468750 0.005625 0.621094 0.003750 0.644531 0.026875 0.519531
2 0.074375 0.011719 0.035625 0.210938 0.036250 0.222656
2 0.102500 0.007812 0.004375 0.574219 0.090625 0.109375 0.073750 0.171875
3 0.930000 0.871094 0.929375 0.875000 0.928750 0.875000 0.928750 0.886719 0.929375 0.882812 0.929375 0.878906 0.930000 0.875000
3 0.443750 0.816406 0.441250 0.949219 0.445000 0.988281 0.513750 0.992188 0.508125 0.847656 0.501250 0.816406
3 0.960625 0.589844 0.954375 0.585938 0.949375 0.625000 0.940625 0.609375 0.934375 0.617188 0.931875 0.703125 0.936250 0.777344 0.949375 0.792969 0.960625 0.636719
3 0.085000 0.257812 0.066250 0.320312 0.061250 0.355469 0.060000 0.410156 0.051875 0.453125 0.046875 0.621094 0.055000 0.726562 0.063750 0.777344 0.068125 0.750000 0.071875 0.660156 0.076250 0.664062 0.082500 0.539062 0.076250 0.394531
3 0.920625 0.410156 0.911250 0.371094 0.898125 0.453125 0.894375 0.304688 0.860000 0.093750 0.815000 0.496094 0.807500 0.691406 0.783125 0.968750 0.927500 0.851562
3 0.406875 0.046875 0.410000 0.171875 0.430625 0.277344 0.413125 0.417969 0.440625 0.476562 0.408125 0.617188 0.403125 0.750000 0.448750 0.628906 0.451250 0.683594 0.482500 0.757812 0.495000 0.730469 0.492500 0.574219 0.461875 0.265625 0.460625 0.019531
3 0.234375 0.003906 0.196250 0.089844 0.153750 0.468750 0.099375 0.496094 0.100625 0.816406 0.197500 0.945312 0.205625 0.750000 0.150625 0.710938 0.198125 0.605469 0.211250 0.656250 0.228125 0.578125 0.231875 0.414062 0.220625 0.375000 0.234375 0.273438
