2 0.440625 0.031250 0.440625 0.472656 0.449375 0.472656 0.448125 0.035156
2 0.369375 0.015625 0.370000 0.339844 0.381875 0.339844 0.381875 0.019531
2 0.424375 0.007812 0.423750 0.488281 0.431875 0.464844 0.430000 0.011719
2 0.661875 0.003906 0.661875 0.410156 0.685625 0.382812 0.688125 0.003906
2 0.505000 0.003906 0.490625 0.003906 0.495000 0.773438 0.504375 0.761719
2 0.793750 0.000000 0.799375 0.003906 0.793125 0.996094 0.811875 0.996094 0.813750 0.003906
3 0.185000 0.332031 0.181250 0.371094 0.180625 0.511719 0.184375 0.562500 0.202500 0.652344 0.217500 0.679688 0.231250 0.664062 0.238125 0.597656 0.238750 0.531250 0.227500 0.417969 0.217500 0.375000 0.208750 0.363281 0.201250 0.300781
3 0.243750 0.367188 0.250625 0.414062 0.243750 0.503906 0.252500 0.601562 0.288750 0.593750 0.319375 0.683594 0.337500 0.617188 0.361875 0.636719 0.388125 0.523438 0.296250 0.207031
3 0.176875 0.023438 0.040625 0.015625 0.021250 0.199219 0.020625 0.335938 0.026250 0.375000 0.082500 0.410156 0.113125 0.242188 0.116250 0.167969 0.135625 0.125000 0.174375 0.121094
3 0.811875 0.207032 0.675625 0.199219 0.656250 0.382813 0.655625 0.519532 0.661250 0.558594 0.717500 0.593750 0.748125 0.425782 0.751250 0.351563 0.770625 0.308594 0.809375 0.304688
