2 0.136875 0.828125 0.145000 0.839844 0.147500 0.996094 0.135625 0.996094
2 0.360625 0.582031 0.372500 0.585938 0.369375 0.769531 0.361875 0.765625
2 0.838750 0.515625 0.846250 0.515625 0.848750 0.773438 0.838750 0.769531
2 0.140000 0.351562 0.136875 0.734375 0.128125 0.734375 0.128750 0.351562
2 0.550625 0.226562 0.560000 0.230469 0.563125 0.453125 0.555000 0.453125
2 0.836250 0.156250 0.845625 0.156250 0.847500 0.371094 0.838750 0.367188
2 0.575000 0.070312 0.576875 0.253906 0.581250 0.343750 0.580625 0.683594 0.573750 0.683594 0.566875 0.312500 0.567500 0.085938
2 0.490000 0.000000 0.483750 0.703125 0.490625 0.996094 0.464375 0.996094 0.464375 0.214844 0.456875 0.210938 0.457500 0.003906
3 0.728125 0.691406 0.733750 0.710938 0.739375 0.781250 0.738750 0.820312 0.732500 0.859375 0.744375 0.925781 0.750000 0.929688 0.749375 0.960938 0.737500 0.964844 0.728750 0.996094 0.714375 0.996094 0.717500 0.968750 0.728750 0.953125 0.721875 0.890625 0.721875 0.765625
3 0.704375 0.246094 0.718750 0.324219 0.720000 0.535156 0.726875 0.628906 0.715625 0.664062 0.701250 0.656250 0.686250 0.789062 0.675000 0.976562 0.655625 0.996094 0.661250 0.757812 0.683750 0.628906 0.675625 0.574219 0.692500 0.406250 0.682500 0.363281 0.683125 0.316406 0.693750 0.238281
3 0.312500 0.222656 0.318125 0.242188 0.323750 0.312500 0.323125 0.351562 0.316875 0.390625 0.328750 0.457031 0.334375 0.460938 0.333750 0.492188 0.321875 0.496094 0.313125 0.527344 0.298750 0.527344 0.301875 0.500000 0.313125 0.484375 0.306250 0.421875 0.306250 0.296875
