2 0.847146 0.859595 0.839021 0.871314 0.836521 1.000000 0.848396 1.000000
2 0.623396 0.613501 0.611521 0.617408 0.614646 0.801001 0.622146 0.797095
2 0.145271 0.547095 0.137771 0.547095 0.135271 0.804908 0.145271 0.801001
2 0.844021 0.383032 0.847146 0.765845 0.855896 0.765845 0.855271 0.383032
2 0.433396 0.258032 0.424021 0.261939 0.420896 0.484595 0.429021 0.484595
2 0.147771 0.187720 0.138396 0.187720 0.136521 0.402564 0.145271 0.398658
2 0.409021 0.101782 0.407146 0.285376 0.402771 0.375220 0.403396 0.715064 0.410271 0.715064 0.417146 0.343970 0.416521 0.117408
2 0.494021 0.031470 0.500271 0.734595 0.493396 1.000000 0.519646 1.000000 0.519646 0.246314 0.527146 0.242408 0.526521 0.035376
3 0.255896 0.722876 0.250271 0.742408 0.244646 0.812720 0.245271 0.851782 0.251521 0.890845 0.239646 0.957251 0.234021 0.961158 0.234646 0.992408 0.246521 0.996314 0.255271 1.000000 0.269646 1.000000 0.266521 1.000000 0.255271 0.984595 0.262146 0.922095 0.262146 0.797095
3 0.279646 0.277564 0.265271 0.355689 0.264021 0.566626 0.257146 0.660376 0.268396 0.695532 0.282771 0.687720 0.297771 0.820532 0.309021 1.000000 0.328396 1.000000 0.322771 0.789282 0.300271 0.660376 0.308396 0.605689 0.291521 0.437720 0.301521 0.394751 0.300896 0.347876 0.290271 0.269751
3 0.217146 0.277564 0.202771 0.355689 0.201521 0.566626 0.194646 0.660376 0.205896 0.695532 0.220271 0.687720 0.235271 0.820532 0.246521 1.000000 0.265896 1.000000 0.260271 0.789282 0.237771 0.660376 0.245896 0.605689 0.229021 0.437720 0.239021 0.394751 0.238396 0.347876 0.227771 0.269751
3 0.760896 0.047095 0.746521 0.125220 0.745271 0.336157 0.738396 0.429907 0.749646 0.465063 0.764021 0.457251 0.779021 0.590063 0.790271 0.769531 0.809646 0.769531 0.804021 0.558813 0.781521 0.429907 0.789646 0.375220 0.772771 0.207251 0.782771 0.164282 0.782146 0.117407 0.771521 0.039282
3 0.820896 0.070532 0.815271 0.090064 0.809646 0.160376 0.810271 0.199438 0.816521 0.238501 0.804646 0.304907 0.799021 0.308814 0.799646 0.340064 0.811521 0.343970 0.820271 0.347656 0.834646 0.347656 0.831521 0.347656 0.820271 0.332251 0.827146 0.269751 0.827146 0.144751
