2 0.768750 0.449219 0.763125 0.996094 0.747500 0.996094 0.751875 0.449219
2 0.144375 0.429688 0.145000 0.664062 0.136250 0.773438 0.061875 0.718750 0.021250 0.878906 0.001250 0.785156 0.005625 0.351562 0.073750 0.312500 0.136250 0.359375
2 0.336250 0.164062 0.379375 0.179688 0.361875 0.996094 0.326250 0.996094
2 0.187500 0.128906 0.182500 0.937500 0.158125 0.957031 0.171250 0.132812
3 0.849375 0.531250 0.848750 0.652344 0.836250 0.722656 0.829375 0.742188 0.827500 0.703125 0.820000 0.746094 0.807500 0.593750 0.809375 0.527344 0.836250 0.519531
3 0.972500 0.167969 0.999375 0.164062 0.995625 0.863281 0.955000 0.726562 0.937500 0.601562 0.946250 0.519531 0.944375 0.441406 0.955000 0.230469
3 0.796250 0.046875 0.811875 0.019531 0.824375 0.062500 0.847500 0.042969 0.865000 0.089844 0.873125 0.179688 0.869375 0.355469 0.862500 0.445312 0.830000 0.488281 0.788125 0.351562 0.781250 0.304688 0.782500 0.203125
3 0.415625 0.128906 0.431250 0.101562 0.443750 0.144531 0.466875 0.125000 0.484375 0.171875 0.492500 0.261719 0.488750 0.437500 0.481875 0.527343 0.449375 0.570312 0.407500 0.433593 0.400625 0.386719 0.401875 0.285156
3 0.768750 0.296875 0.784375 0.269531 0.796875 0.312500 0.820000 0.292969 0.837500 0.339844 0.845625 0.429688 0.841875 0.605469 0.835000 0.695312 0.802500 0.738281 0.760625 0.601562 0.753750 0.554688 0.755000 0.453125
3 0.184375 0.144531 0.183750 0.265625 0.171250 0.335937 0.164375 0.355469 0.162500 0.316406 0.155000 0.359375 0.142500 0.207031 0.144375 0.140625 0.171250 0.132812
