2 0.271490 0.635725 0.300865 0.803694 0.301490 0.963851 0.297740 1.000000 0.263365 1.000000 0.262740 0.940413
2 0.657115 0.522444 0.667740 0.600569 0.663990 0.995101 0.657740 1.000000 0.622740 1.000000 0.618365 0.979475 0.627740 0.854475 0.652115 0.764632
2 0.692115 0.522444 0.703365 0.534163 0.702740 0.788069 0.696490 0.811507 0.690240 0.741194 0.688365 0.588851
2 0.805240 0.381819 0.814615 0.413069 0.815865 0.631819 0.811490 1.000000 0.800865 1.000000 0.797740 0.983382
2 0.469615 0.104475 0.477115 0.194319 0.474615 0.920882 0.467115 1.000000 0.452740 1.000000 0.448990 0.745101 0.455865 0.370101
2 0.936490 0.096663 0.940865 0.803694 0.937740 1.000000 0.925240 1.000000 0.918365 1.000000 0.922115 0.502913 0.917115 0.299788 0.921490 0.084944
2 0.755240 0.065413 0.773365 0.100569 0.775240 0.252913 0.768990 0.999007 0.762740 1.000000 0.755240 1.000000 0.751490 0.983382
3 0.163365 0.510725 0.173365 1.000000 0.095865 1.000000 0.094615 0.846663 0.108365 0.647444 0.132115 0.506819
3 0.960240 0.252913 0.970240 0.742188 0.892740 0.742188 0.891490 0.588851 0.905240 0.389632 0.928990 0.249007
3 0.958990 0.354475 0.968990 0.843750 0.891490 0.843750 0.890240 0.690413 0.903990 0.491194 0.927740 0.350569
