2 0.870625 0.566406 0.869375 0.976562 0.866875 0.964844
2 0.325000 0.265625 0.325000 0.523438 0.328750 0.457031 0.326875 0.613281 0.324375 0.613281 0.324375 0.542969 0.321250 0.535156 0.322500 0.328125
2 0.291875 0.128906 0.292500 0.429688 0.290625 0.433594 0.290000 0.132812
2 0.196250 0.031250 0.196250 0.453125 0.192500 0.445312 0.192500 0.292969 0.190000 0.273438 0.193750 0.058594
2 0.891250 0.031250 0.886875 0.640625 0.888125 0.035156
2 0.101250 0.023438 0.101250 0.824219 0.096250 0.824219 0.097500 0.023438
2 0.229375 0.023438 0.228750 0.402344 0.226875 0.398438 0.227500 0.027344
2 0.356875 0.023438 0.357500 0.027344 0.358750 0.027344 0.358750 0.039062 0.358125 0.042969 0.358125 0.062500 0.357500 0.066406 0.357500 0.078125 0.357500 0.062500 0.356875 0.058594
2 0.234375 0.019531 0.233125 0.191406 0.232500 0.023438
2 0.762500 0.019531 0.758750 0.179688 0.753750 0.140625 0.751875 0.679688 0.746250 0.019531
2 0.118125 0.015625 0.113750 0.824219 0.105625 0.824219 0.108750 0.019531
2 0.828750 0.011719 0.826875 0.511719 0.825000 0.511719 0.825000 0.019531
3 0.475625 0.011719 0.459375 0.136719 0.440625 0.378906 0.401250 0.632812 0.381250 0.511719 0.380000 0.445312 0.385000 0.378906 0.401875 0.375000 0.405625 0.304688 0.423125 0.238281 0.410625 0.191406 0.411875 0.121094 0.434375 0.007812
3 0.613750 0.015625 0.599375 0.285156 0.619375 0.414062 0.604375 0.445312 0.623750 0.625000 0.603750 0.628906 0.623125 0.738281 0.603750 0.796875 0.621875 0.820312 0.620000 0.976562 0.571250 0.871094 0.559375 0.625000 0.544375 0.800781 0.518750 0.738281 0.530000 0.976562 0.478125 0.996094 0.547500 0.242188 0.548750 0.035156 0.562500 0.097656 0.550625 0.003906
