3 0.798125 0.972656 0.793750 0.964844 0.787500 0.925781 0.779375 0.945312 0.766250 0.992188 0.798125 0.996094
3 0.546875 0.781250 0.533750 0.792969 0.530000 0.921875 0.526250 0.949219 0.517500 0.968750 0.516875 0.992188 0.559375 0.984375 0.551875 0.941406 0.548750 0.898438
3 0.544375 0.511719 0.535625 0.511719 0.532500 0.730469 0.536875 0.746094 0.544375 0.738281 0.548125 0.714844 0.551250 0.601562
3 0.388125 0.507812 0.456250 0.488281 0.486250 0.519531 0.498125 0.574219 0.509375 0.558594 0.504375 0.429688 0.465000 0.351562 0.431875 0.367188 0.403125 0.445312 0.393750 0.441406
3 0.760625 0.945312 0.747500 0.558594 0.728125 0.503906 0.714375 0.355469 0.688125 0.437500 0.676250 0.339844 0.665000 0.476562 0.644375 0.542969 0.638125 0.816406 0.625000 0.777344 0.616250 0.597656 0.577500 0.523438 0.576250 0.968750 0.675000 0.996094 0.666875 0.867188 0.693125 0.753906 0.711875 0.996094
3 0.220000 0.171875 0.211250 0.191406 0.206250 0.304688 0.206875 0.437500 0.187500 0.585938 0.187500 0.660156 0.191875 0.683594 0.202500 0.656250 0.215625 0.683594 0.231875 0.492188 0.232500 0.382812 0.225625 0.324219 0.231875 0.265625
3 0.195625 0.015625 0.197500 0.058594 0.203750 0.066406 0.210000 0.125000 0.218750 0.144531 0.228125 0.128906 0.247500 0.210938 0.253750 0.210938 0.251250 0.136719 0.240000 0.113281 0.256250 0.074219 0.258125 0.050781 0.255000 0.019531 0.235000 0.058594 0.217500 0.066406
3 0.325000 0.011719 0.341250 0.167969 0.388125 0.167969 0.405625 0.281250 0.530000 0.316406 0.526250 0.023438
3 0.838750 0.546875 0.825625 0.558594 0.821875 0.687500 0.818125 0.714844 0.809375 0.734375 0.808750 0.757813 0.851250 0.750000 0.843750 0.707031 0.840625 0.664063
3 0.521875 0.460938 0.513125 0.460938 0.510000 0.679688 0.514375 0.695313 0.521875 0.687500 0.525625 0.664063 0.528750 0.550781
