3 0.232873 0.422391 0.222873 0.441922 0.200373 0.664579 0.198498 0.922391 0.214123 1.000000 0.216623 0.930204 0.242873 0.984891 0.249123 0.969266 0.258498 0.805204 0.257248 0.723172 0.246623 0.641141 0.244748 0.527860
3 0.417873 0.348172 0.412248 0.371610 0.406623 0.621610 0.400998 0.617704 0.398498 0.438016 0.388498 0.445829 0.377248 0.500516 0.373498 0.785672 0.377873 0.832548 0.389748 0.840360 0.404123 0.758329 0.421623 0.781766 0.422248 0.410672
3 0.325998 0.125516 0.317248 0.191922 0.314123 0.352079 0.318498 0.492704 0.315373 0.555204 0.318498 0.590360 0.339123 0.609891 0.346623 0.586454 0.350998 0.543485 0.351623 0.363798 0.355998 0.316922 0.342873 0.184110 0.335373 0.141141
3 0.698498 0.102079 0.696623 0.293485 0.690373 0.398954 0.695373 0.434110 0.709748 0.438016 0.712873 0.398954 0.707873 0.141141 0.705373 0.102079
3 0.734123 0.094266 0.729123 0.109891 0.726623 0.344266 0.714748 0.477079 0.726623 0.609891 0.736623 0.602079 0.741623 0.563016 0.744123 0.367704
3 0.470373 0.090360 0.446623 0.152860 0.442248 0.262235 0.440373 0.504422 0.449748 0.539579 0.460998 0.535672 0.472873 0.504422 0.479123 0.457548 0.479123 0.363798 0.472873 0.266141
3 1.000000 0.934110 1.000000 0.086454 0.752873 0.109891 0.794748 0.316922 0.868498 0.254422 0.974123 0.313016 0.972248 0.781766
3 0.350373 0.074735 0.350373 0.141141 0.348498 0.164579 0.353498 0.219266 0.362873 0.234891 0.371623 0.195829 0.372248 0.125516 0.369123 0.074735
3 0.669123 0.063016 0.664123 0.094266 0.667873 0.133329 0.670998 0.234891 0.676623 0.203641 0.684123 0.234891 0.683498 0.117704 0.685998 0.090360
3 0.623125 0.879423 0.623125 0.031767 0.375998 0.055204 0.417873 0.262235 0.491623 0.199735 0.597248 0.258329 0.595373 0.727079
3 0.493750 0.965360 0.493750 0.117704 0.246623 0.141141 0.288498 0.348172 0.362248 0.285672 0.467873 0.344266 0.465998 0.813016
3 0.823125 0.867704 0.823125 0.020048 0.575998 0.043485 0.617873 0.250516 0.691623 0.188016 0.797248 0.246610 0.795373 0.715360
