3 0.777412 0.349592 0.787412 0.369123 0.809912 0.591780 0.811787 0.849592 0.796162 0.927717 0.793662 0.857405 0.767412 0.912092 0.761162 0.896467 0.751787 0.732405 0.753037 0.650373 0.763662 0.568342 0.765537 0.455061
3 0.592412 0.275373 0.598037 0.298811 0.603662 0.548811 0.609287 0.544905 0.611787 0.365217 0.621787 0.373030 0.633037 0.427717 0.636787 0.712873 0.632412 0.759749 0.620537 0.767561 0.606162 0.685530 0.588662 0.708967 0.588037 0.337873
3 0.684287 0.052717 0.693037 0.119123 0.696162 0.279280 0.691787 0.419905 0.694912 0.482405 0.691787 0.517561 0.671162 0.537092 0.663662 0.513655 0.659287 0.470686 0.658662 0.290999 0.654287 0.244123 0.667412 0.111311 0.674912 0.068342
3 0.311787 0.029280 0.313662 0.220686 0.319912 0.326155 0.314912 0.361311 0.300537 0.365217 0.297412 0.326155 0.302412 0.068342 0.304912 0.029280
3 0.276162 0.021467 0.281162 0.037092 0.283662 0.271467 0.295537 0.404280 0.283662 0.537092 0.273662 0.529280 0.268662 0.490217 0.266162 0.294905
3 0.539912 0.017561 0.563662 0.080061 0.568037 0.189436 0.569912 0.431623 0.560537 0.466780 0.549287 0.462873 0.537412 0.431623 0.531162 0.384749 0.531162 0.290999 0.537412 0.193342
3 0.000000 0.861311 0.000000 0.013655 0.257412 0.037092 0.215537 0.244123 0.141787 0.181623 0.036162 0.240217 0.038037 0.708967
3 0.659912 0.001936 0.659912 0.068342 0.661787 0.091780 0.656787 0.146467 0.647412 0.162092 0.638662 0.123030 0.638037 0.052717 0.641162 0.001936
3 0.341162 0.000000 0.346162 0.021467 0.342412 0.060530 0.339287 0.162092 0.333662 0.130842 0.326162 0.162092 0.326787 0.044905 0.324287 0.017561
3 0.890537 0.130843 0.914287 0.193343 0.918662 0.302718 0.920537 0.544904 0.911162 0.580061 0.899912 0.576154 0.888037 0.544904 0.881787 0.498031 0.881787 0.404281 0.888037 0.306624
