2 0.686869 0.705285 0.686869 0.713097 0.687494 0.717003 0.687494 0.728722 0.688119 0.732629 0.688119 0.756066 0.688744 0.759972 0.688744 0.775597 0.688744 0.771691 0.691244 0.744347 0.691244 0.736535 0.690619 0.732629 0.690619 0.720910 0.689994 0.717003 0.689994 0.713097
2 0.713119 0.642785 0.707494 0.662316 0.703119 0.662316 0.704369 0.717003 0.708119 0.759972 0.714994 0.752160 0.714369 0.677941
2 0.648119 0.693566 0.639369 0.537316 0.628119 0.595910 0.606869 0.556847 0.623744 0.486535 0.611869 0.478722 0.617494 0.443566 0.554994 0.365441 0.500619 0.431847 0.493744 0.369347 0.461244 0.392785 0.459369 0.467003 0.446244 0.404503 0.463119 0.677941 0.555619 0.670129 0.618744 0.720910 0.631869 0.795129
2 0.731244 0.162316 0.724994 0.771691 0.733744 0.783410 0.737494 0.681847 0.741244 0.799035 0.772494 0.877160 0.789994 0.802941 0.794994 0.935753 0.804994 0.799035 0.826869 0.822472 0.806869 0.076379 0.799369 0.076379 0.801244 0.291222 0.774994 0.134972 0.747494 0.256066
3 0.000000 0.955285 0.000000 1.000000 0.004994 1.000000 0.007494 0.986535 0.000000 0.982629 0.000000 0.951379 0.000000 0.963097 0.000000 0.951379 0.000000 0.963097
3 0.021244 0.857629 0.027494 0.951379 0.071869 0.877160 0.081244 0.845910 0.079369 0.724816 0.048744 0.670129 0.036869 0.619347 0.032494 0.638879
3 0.044369 0.283410 0.046869 0.330285 0.041869 0.447472 0.041244 0.572472 0.058119 0.533410 0.068744 0.552941 0.080619 0.521691 0.084369 0.478722 0.083744 0.412316 0.063119 0.381066 0.061869 0.369347 0.064994 0.342003 0.051244 0.283410
3 0.048744 0.150597 0.055619 0.252160 0.104994 0.099816 0.116244 0.193566 0.168744 0.326379 0.211244 0.342003 0.232494 0.248253 0.266869 0.224816 0.294994 0.095910 0.295619 0.037316 0.053744 0.033410
3 0.000000 0.037316 0.000000 0.853722 0.000619 0.939660 0.011244 0.888879 0.000000 0.201379 0.000000 0.033410
3 0.863744 0.392785 0.866244 0.439660 0.861244 0.556847 0.860619 0.681847 0.877494 0.642785 0.888119 0.662316 0.899994 0.631066 0.903744 0.588097 0.903119 0.521691 0.882494 0.490441 0.881244 0.478722 0.884369 0.451378 0.870619 0.392785
3 0.855619 0.381066 0.861869 0.474816 0.906244 0.400597 0.915619 0.369347 0.913744 0.248253 0.883119 0.193566 0.871244 0.142784 0.866869 0.162316
3 0.421250 0.631066 0.421250 0.675781 0.426244 0.675781 0.428744 0.662316 0.421250 0.658410 0.421250 0.627160 0.421250 0.638878 0.421250 0.627160 0.421250 0.638878
