2 0.821067 0.667986 0.821067 0.675798 0.821692 0.679704 0.821692 0.691423 0.822317 0.695330 0.822317 0.718767 0.822942 0.722673 0.822942 0.738298 0.822942 0.734392 0.825442 0.707048 0.825442 0.699236 0.824817 0.695330 0.824817 0.683611 0.824192 0.679704 0.824192 0.675798
2 0.847317 0.605486 0.841692 0.625017 0.837317 0.625017 0.838567 0.679704 0.842317 0.722673 0.849192 0.714861 0.848567 0.640642
2 0.782317 0.656267 0.773567 0.500017 0.762317 0.558611 0.741067 0.519548 0.757942 0.449236 0.746067 0.441423 0.751692 0.406267 0.689192 0.328142 0.634817 0.394548 0.627942 0.332048 0.595442 0.355486 0.593567 0.429704 0.580442 0.367204 0.597317 0.640642 0.689817 0.632830 0.752942 0.683611 0.766067 0.757830
2 0.865442 0.125017 0.859192 0.734392 0.867942 0.746111 0.871692 0.644548 0.875442 0.761736 0.906692 0.839861 0.924192 0.765642 0.929192 0.898454 0.939192 0.761736 0.961067 0.785173 0.941067 0.039080 0.933567 0.039080 0.935442 0.253923 0.909192 0.097673 0.881692 0.218767
3 0.078567 0.917986 0.079192 0.972673 0.139192 0.980486 0.141692 0.949236 0.126692 0.945330 0.104817 0.914080 0.097942 0.925798 0.093567 0.914080 0.084817 0.925798
3 0.155442 0.820330 0.161692 0.914080 0.206067 0.839861 0.215442 0.808611 0.213567 0.687517 0.182942 0.632830 0.171067 0.582048 0.166692 0.601580
3 0.178567 0.246111 0.181067 0.292986 0.176067 0.410173 0.175442 0.535173 0.192317 0.496111 0.202942 0.515642 0.214817 0.484392 0.218567 0.441423 0.217942 0.375017 0.197317 0.343767 0.196067 0.332048 0.199192 0.304704 0.185442 0.246111
3 0.182942 0.113298 0.189817 0.214861 0.239192 0.062517 0.250442 0.156267 0.302942 0.289080 0.345442 0.304704 0.366692 0.210954 0.401067 0.187517 0.429192 0.058611 0.429817 0.000017 0.187942 0.000000
3 0.079192 0.000017 0.080442 0.816423 0.134817 0.902361 0.145442 0.851580 0.131692 0.164080 0.119192 0.000000
3 0.189192 0.726579 0.196067 0.828142 0.245442 0.675798 0.256692 0.769548 0.309192 0.902361 0.351692 0.917985 0.372942 0.824235 0.407317 0.800798 0.435442 0.671892 0.436067 0.613298 0.194192 0.613281
3 0.291692 0.152361 0.298567 0.253924 0.347942 0.101580 0.359192 0.195330 0.411692 0.328143 0.454192 0.343767 0.475442 0.250017 0.509817 0.226580 0.537942 0.097674 0.538567 0.039080 0.296692 0.039062
