2 0.372612 0.053243 0.389487 0.068868 0.385112 1.000000 0.376987 1.000000
2 0.735737 0.049337 0.736362 1.000000 0.727612 1.000000 0.726987 0.049337
3 0.843862 0.869649 0.859487 0.889181 0.863237 0.994649 0.861362 1.000000 0.855112 1.000000 0.850112 0.994649 0.850112 0.959493
3 0.695737 0.350118 0.703862 0.424337 0.708862 0.537618 0.703237 0.627462 0.697612 0.646993 0.691987 0.549337
3 0.369487 0.053243 0.364487 0.139181 0.315112 0.150899 0.245112 0.264181 0.118862 0.213399 0.097612 0.256368 0.090737 0.174337 0.098862 0.053243
3 0.514487 0.053243 0.513237 0.393087 0.503237 0.400899 0.493862 0.275899 0.485737 0.318868 0.478862 0.299337 0.439487 0.525899 0.434487 0.689962 0.423862 0.654806 0.397612 0.334493 0.397612 0.256368 0.412612 0.193868 0.416362 0.092306 0.425737 0.053243
3 0.523862 0.111837 0.528862 0.053243 0.541987 0.053243 0.548862 0.064962 0.551362 0.096212 0.565737 0.170431 0.560737 0.186056 0.553237 0.189962 0.537612 0.232931 0.532612 0.232931
3 0.836987 0.053243 0.850112 0.080587 0.846362 0.283712 0.840112 0.357931 0.836362 0.318868 0.836362 0.229025 0.833862 0.154806
3 0.569487 0.135274 0.568237 0.475118 0.558237 0.482930 0.548862 0.357930 0.540737 0.400899 0.533862 0.381368 0.494487 0.607930 0.489487 0.771993 0.478862 0.736837 0.452612 0.416524 0.452612 0.338399 0.467612 0.275899 0.471362 0.174337 0.480737 0.135274
3 0.198237 0.182149 0.213862 0.201681 0.217612 0.307149 0.215737 0.312500 0.209487 0.312500 0.204487 0.307149 0.204487 0.271993
