2 0.407500 0.812500 0.408125 0.980469 0.405625 0.980469 0.405625 0.820312
2 0.405625 0.324219 0.403125 0.980469 0.400000 0.984375 0.403125 0.324219
2 0.437500 0.265625 0.436250 0.683594 0.431250 0.683594 0.431250 0.574219 0.434375 0.515625 0.435000 0.273438
2 0.481250 0.257812 0.481250 0.988281 0.476250 0.988281 0.477500 0.347656
2 0.432500 0.019531 0.431250 0.316406 0.428750 0.308594 0.428750 0.027344
3 0.834375 0.527344 0.827500 0.628906 0.818750 0.644531 0.798750 0.863281 0.790625 0.890625 0.783125 0.882812 0.789375 0.769531 0.774375 0.800781 0.765625 0.730469 0.758750 0.738281 0.746875 0.687500 0.756875 0.640625 0.747500 0.628906 0.747500 0.558594 0.773125 0.539062 0.793125 0.457031 0.811875 0.558594 0.821250 0.558594 0.823750 0.500000
3 0.828750 0.011719 0.826250 0.109375 0.821250 0.160156 0.815000 0.160156 0.816875 0.125000 0.814375 0.113281 0.803125 0.128906 0.795625 0.062500 0.777500 0.070312 0.771875 0.101562 0.762500 0.089844 0.760625 0.109375 0.745625 0.097656 0.741875 0.074219 0.748125 0.015625
3 0.420625 0.535156 0.418125 0.632812 0.413125 0.683594 0.406875 0.683594 0.408750 0.648438 0.406250 0.636719 0.395000 0.652344 0.387500 0.585938 0.369375 0.593750 0.363750 0.625000 0.354375 0.613281 0.352500 0.632812 0.337500 0.621094 0.333750 0.597656 0.340000 0.539062
3 0.463750 0.593750 0.461250 0.691406 0.456250 0.742187 0.450000 0.742187 0.451875 0.707031 0.449375 0.695312 0.438125 0.710937 0.430625 0.644531 0.412500 0.652343 0.406875 0.683593 0.397500 0.671875 0.395625 0.691406 0.380625 0.679687 0.376875 0.656250 0.383125 0.597656
3 0.298750 0.285156 0.296250 0.382812 0.291250 0.433594 0.285000 0.433594 0.286875 0.398438 0.284375 0.386719 0.273125 0.402344 0.265625 0.335938 0.247500 0.343749 0.241875 0.374999 0.232500 0.363281 0.230625 0.382812 0.215625 0.371094 0.211875 0.347656 0.218125 0.289062
