2 0.060560 0.631345 0.055560 0.963377 0.010560 0.920408 0.004310 0.635252
2 0.390560 0.000000 0.404310 0.053221 0.396185 0.240721 0.386810 0.096189
2 0.420560 0.000000 0.436185 0.002439 0.434935 0.303221 0.416185 0.279783
2 0.587435 0.000000 0.590560 0.475095 0.566810 0.494627 0.566810 0.000000
2 0.385560 0.842283 0.196810 0.619627 0.177435 0.787595 0.094935 0.865721 0.076185 0.818845 0.094935 0.459471 0.130560 0.451658 0.147435 0.248533 0.208060 0.000000 0.299935 0.000000
2 0.734310 0.000000 0.734310 0.213377 0.724935 0.217283 0.721810 0.000000
3 0.850560 0.611814 0.883685 0.670408 0.887435 0.799314 0.885560 0.920408 0.876185 0.963377 0.858060 0.963377
3 0.300560 0.000000 0.367435 0.000000 0.396185 0.244627 0.464935 0.436033 0.537435 0.760252 0.547435 0.963377 0.457435 0.963377 0.414310 0.850095 0.344310 0.443845
3 0.533685 0.271971 0.566810 0.330565 0.570560 0.459471 0.568685 0.580565 0.559310 0.623534 0.541185 0.623534
3 0.321810 0.396971 0.354935 0.455565 0.358685 0.584471 0.356810 0.705565 0.347435 0.748534 0.329310 0.748534
3 0.691185 0.572752 0.724310 0.631346 0.728060 0.760252 0.726185 0.881346 0.716810 0.924315 0.698685 0.924315
