2 0.488125 0.015625 0.494375 0.613281 0.502500 0.609375 0.498125 0.015625
2 0.707500 0.003906 0.694375 0.007812 0.700000 0.367188 0.709375 0.347656
2 0.547500 0.003906 0.539375 0.003906 0.539375 0.378906 0.549375 0.351562
2 0.215000 0.003906 0.223750 0.824219 0.231250 0.812500 0.226250 0.003906
3 0.781875 0.519531 0.787500 0.726562 0.797500 0.746094 0.811250 0.644531 0.817500 0.734375 0.871875 0.878906 0.883125 0.992188 0.990625 0.996094 0.895625 0.785156 0.859375 0.636719 0.793750 0.488281
3 0.531875 0.433594 0.535625 0.511719 0.586875 0.750000 0.591250 0.871094 0.605625 0.996094 0.650000 0.996094 0.602500 0.609375 0.609375 0.496094 0.605000 0.460938 0.588125 0.445312 0.561875 0.312500
3 0.703750 0.371094 0.705000 0.425781 0.730000 0.539062 0.723125 0.671875 0.737500 0.796875 0.771250 0.789062 0.786875 0.738281 0.771875 0.640625 0.773750 0.503906 0.763125 0.441406 0.719375 0.304688
3 0.648750 0.269531 0.639375 0.226562 0.623750 0.234375 0.615625 0.253906 0.617500 0.289062 0.621875 0.324219 0.632500 0.316406 0.645000 0.328125
3 0.585625 0.277344 0.586875 0.332031 0.611875 0.445312 0.605000 0.578125 0.619375 0.703125 0.653125 0.695312 0.668750 0.644531 0.653750 0.546875 0.655625 0.410156 0.645000 0.347656 0.601250 0.210938
3 0.391875 0.289063 0.395625 0.367188 0.446875 0.605469 0.451250 0.726563 0.465625 0.851563 0.510000 0.851563 0.462500 0.464844 0.469375 0.351563 0.465000 0.316407 0.448125 0.300781 0.421875 0.167969
3 0.715625 0.410156 0.721250 0.617187 0.731250 0.636719 0.745000 0.535156 0.751250 0.625000 0.805625 0.769531 0.816875 0.882813 0.924375 0.886719 0.829375 0.675781 0.793125 0.527344 0.727500 0.378906
