2 0.015000 0.910156 0.010000 0.996094 0.000625 0.996094 0.000625 0.957031 0.001875 0.906250
2 0.178125 0.750000 0.155000 0.996094 0.137500 0.996094 0.158125 0.746094
2 0.782500 0.625000 0.790625 0.625000 0.795625 0.828125 0.787500 0.800781 0.784375 0.734375
2 0.649375 0.613281 0.648125 0.996094 0.640625 0.996094 0.641875 0.613281
2 0.365000 0.347656 0.375625 0.351562 0.375000 0.820312 0.365625 0.812500
2 0.061875 0.347656 0.059375 0.691406 0.052500 0.691406 0.054375 0.343750
2 0.074375 0.339844 0.070625 0.792969 0.063125 0.785156 0.065625 0.339844
2 0.788125 0.183594 0.788125 0.437500 0.781875 0.437500 0.779375 0.183594
2 0.358750 0.062500 0.357500 0.550781 0.348750 0.546875 0.351250 0.062500
2 0.468750 0.015625 0.480625 0.019531 0.480625 0.675781 0.473125 0.675781 0.471250 0.644531
2 0.103125 0.011719 0.116875 0.011719 0.116250 0.605469 0.110625 0.601562 0.108125 0.480469 0.101250 0.468750
2 0.406875 0.007812 0.401250 0.511719 0.395000 0.515625 0.396250 0.007812
2 0.738750 0.007812 0.746875 0.007812 0.746250 0.394531 0.739375 0.386719
2 0.340000 0.003906 0.338125 0.292969 0.330625 0.296875 0.333750 0.003906
2 0.385625 0.003906 0.383125 0.230469 0.371250 0.230469 0.373750 0.003906
2 0.430000 0.003906 0.458750 0.019531 0.458125 0.265625 0.445625 0.269531 0.447500 0.585938 0.460000 0.582031 0.459375 0.289062 0.468125 0.289062 0.460625 0.996094 0.447500 0.996094 0.446875 0.652344 0.431250 0.652344
2 0.690000 0.003906 0.690000 0.671875 0.678750 0.671875 0.680625 0.003906
2 0.889375 0.003906 0.900000 0.007812 0.896250 0.382812 0.887500 0.378906
3 0.875000 0.859375 0.875000 0.914062 0.846250 0.917969 0.871250 0.976562 0.864375 0.996094 0.756250 0.996094 0.750000 0.921875 0.753125 0.824219 0.775000 0.789062 0.782500 0.804688 0.773750 0.882812 0.795625 0.898438 0.793750 0.851562 0.827500 0.769531
3 0.463125 0.550781 0.463125 0.605468 0.434375 0.609375 0.459375 0.667968 0.452500 0.687500 0.344375 0.687500 0.338125 0.613281 0.341250 0.515625 0.363125 0.480468 0.370625 0.496094 0.361875 0.574218 0.383750 0.589844 0.381875 0.542968 0.415625 0.460937
3 0.179375 0.816406 0.179375 0.871093 0.150625 0.875000 0.175625 0.933593 0.168750 0.953125 0.060625 0.953125 0.054375 0.878906 0.057500 0.781250 0.079375 0.746093 0.086875 0.761719 0.078125 0.839843 0.100000 0.855469 0.098125 0.808593 0.131875 0.726562
