2 0.910644 0.974249 0.915644 1.000000 0.925019 1.000000 0.925019 1.000000 0.923769 0.970343
2 0.747519 0.814093 0.770644 1.000000 0.788144 1.000000 0.767519 0.810187
2 0.143144 0.689093 0.135019 0.689093 0.130019 0.892218 0.138144 0.864874 0.141269 0.798468
2 0.276269 0.677374 0.277519 1.000000 0.285019 1.000000 0.283769 0.677374
2 0.560644 0.411749 0.550019 0.415655 0.550644 0.884405 0.560019 0.876593
2 0.863769 0.411749 0.866269 0.755499 0.873144 0.755499 0.871269 0.407843
2 0.851269 0.403937 0.855019 0.857062 0.862519 0.849249 0.860019 0.403937
2 0.137519 0.247687 0.137519 0.501593 0.143769 0.501593 0.146269 0.247687
2 0.566894 0.126593 0.568144 0.614874 0.576894 0.610968 0.574394 0.126593
2 0.456894 0.079718 0.445019 0.083624 0.445019 0.739874 0.452519 0.739874 0.454394 0.708624
2 0.822519 0.075812 0.808769 0.075812 0.809394 0.669562 0.815019 0.665655 0.817519 0.544562 0.824394 0.532843
2 0.518769 0.071905 0.524394 0.575812 0.530644 0.579718 0.529394 0.071905
2 0.186894 0.071905 0.178769 0.071905 0.179394 0.458624 0.186269 0.450812
2 0.585644 0.067999 0.587519 0.357062 0.595019 0.360968 0.591894 0.067999
2 0.540019 0.067999 0.542519 0.294562 0.554394 0.294562 0.551894 0.067999
2 0.495644 0.067999 0.466894 0.083624 0.467519 0.329718 0.480019 0.333624 0.478144 0.650031 0.465644 0.646124 0.466269 0.353155 0.457519 0.353155 0.465019 1.000000 0.478144 1.000000 0.478769 0.716437 0.494394 0.716437
2 0.235644 0.067999 0.235644 0.735968 0.246894 0.735968 0.245019 0.067999
2 0.036269 0.067999 0.025644 0.071905 0.029394 0.446905 0.038144 0.442999
3 0.050644 0.923468 0.050644 0.978155 0.079394 0.982062 0.054394 1.000000 0.061269 1.000000 0.169394 1.000000 0.175644 0.985968 0.172519 0.888312 0.150644 0.853155 0.143144 0.868781 0.151894 0.946905 0.130019 0.962531 0.131894 0.915655 0.098144 0.833624
3 0.488769 0.442999 0.488769 0.497686 0.517519 0.501593 0.492519 0.519531 0.499394 0.519531 0.607519 0.519531 0.613769 0.505499 0.610644 0.407843 0.588769 0.372686 0.581269 0.388312 0.590019 0.466436 0.568144 0.482062 0.570019 0.435186 0.536269 0.353155
3 0.095644 0.302374 0.095644 0.357061 0.124394 0.360968 0.099394 0.378906 0.106269 0.378906 0.214394 0.378906 0.220644 0.364874 0.217519 0.267218 0.195644 0.232061 0.188144 0.247687 0.196894 0.325811 0.175019 0.341437 0.176894 0.294561 0.143144 0.212530
3 0.068144 0.513312 0.068144 0.567999 0.096894 0.571906 0.071894 0.589844 0.078769 0.589844 0.186894 0.589844 0.193144 0.575812 0.190019 0.478156 0.168144 0.442999 0.160644 0.458625 0.169394 0.536749 0.147519 0.552375 0.149394 0.505499 0.115644 0.423468
