2 0.435000 0.656250 0.437500 0.996094 0.425000 0.996094 0.425000 0.656250
2 0.897500 0.570312 0.898125 0.996094 0.886250 0.996094 0.886250 0.570312
2 0.732500 0.519531 0.727500 0.984375 0.715625 0.984375 0.716250 0.519531
2 0.714375 0.359375 0.714375 0.988281 0.707500 0.988281 0.706875 0.359375
2 0.581250 0.136719 0.584375 0.953125 0.576250 0.996094 0.573750 0.136719
2 0.731875 0.003906 0.731875 0.449219 0.718125 0.449219 0.716250 0.003906
3 0.830625 0.832031 0.827500 0.894531 0.831875 0.949219 0.826250 0.996094 0.743750 0.984375 0.755625 0.859375 0.778125 0.914062 0.793750 0.894531 0.788750 0.839844 0.795000 0.812500 0.806250 0.843750
3 0.835000 0.296875 0.835625 0.343750 0.844375 0.441406 0.841875 0.500000 0.830625 0.531250 0.812500 0.542969 0.816250 0.484375 0.801250 0.421875 0.803125 0.359375 0.800000 0.316406 0.817500 0.277344
3 0.249375 0.683594 0.246250 0.746094 0.250625 0.800781 0.245000 0.847656 0.162500 0.835938 0.174375 0.710938 0.196875 0.765625 0.212500 0.746094 0.207500 0.691406 0.213750 0.664062 0.225000 0.695312
3 0.046250 0.582031 0.046875 0.628906 0.055625 0.726562 0.053125 0.785156 0.041875 0.816406 0.023750 0.828125 0.027500 0.769531 0.012500 0.707031 0.014375 0.644531 0.011250 0.601562 0.028750 0.562500
3 0.838125 0.554688 0.838750 0.601562 0.847500 0.699219 0.845000 0.757812 0.833750 0.789062 0.815625 0.800781 0.819375 0.742188 0.804375 0.679688 0.806250 0.617188 0.803125 0.574219 0.820625 0.535156
