2 0.900000 0.480469 0.909375 0.488281 0.911875 0.574219 0.900000 0.554688
2 0.442500 0.332031 0.450000 0.335938 0.449375 0.640625 0.441250 0.632812
2 0.708750 0.050781 0.717500 0.050781 0.718750 0.238281 0.713125 0.242188
2 0.052500 0.003906 0.052500 0.242188 0.046250 0.242188 0.045625 0.003906
2 0.960625 0.003906 0.961250 0.523438 0.956250 0.527344 0.961250 0.546875 0.965000 0.695312 0.955625 0.695312 0.950000 0.632812 0.948750 0.546875 0.951875 0.519531 0.951250 0.003906
2 0.391250 0.000000 0.386875 0.632812 0.391875 0.996094 0.383750 0.996094 0.378750 0.718750 0.382500 0.003906
2 0.420625 0.000000 0.414375 0.523438 0.422500 0.539062 0.428125 0.921875 0.420000 0.925781 0.421250 0.996094 0.405625 0.996094 0.405625 0.003906
3 0.658750 0.308594 0.667500 0.308594 0.673125 0.363281 0.692500 0.359375 0.701875 0.421875 0.711875 0.687500 0.713125 0.992188 0.701875 0.968750 0.698750 0.894531 0.690625 0.863281 0.683125 0.769531 0.660000 0.667969 0.666875 0.550781 0.648750 0.445312 0.662500 0.386719
3 0.772500 0.003906 0.777500 0.132812 0.767500 0.273438 0.755000 0.371094 0.744375 0.398438 0.731250 0.316406 0.740000 0.207031 0.740000 0.156250 0.746250 0.101562 0.746875 0.007812
3 0.067500 0.343750 0.072500 0.472656 0.062500 0.613282 0.050000 0.710938 0.039375 0.738282 0.026250 0.656250 0.035000 0.546875 0.035000 0.496094 0.041250 0.441406 0.041875 0.347656
3 0.630000 0.031250 0.638750 0.031250 0.644375 0.085937 0.663750 0.082031 0.673125 0.144531 0.683125 0.410156 0.684375 0.714844 0.673125 0.691406 0.670000 0.617187 0.661875 0.585937 0.654375 0.492187 0.631250 0.390625 0.638125 0.273437 0.620000 0.167968 0.633750 0.109375
3 0.784375 0.308594 0.789375 0.437499 0.779375 0.578125 0.766875 0.675781 0.756250 0.703125 0.743125 0.621094 0.751875 0.511719 0.751875 0.460938 0.758125 0.406249 0.758750 0.312499
