2 0.891932 0.446858 0.901307 0.454670 0.903807 0.540608 0.891932 0.521077
2 0.434432 0.298420 0.441932 0.302327 0.441307 0.607014 0.433182 0.599201
2 0.700682 0.017170 0.709432 0.017170 0.710682 0.204670 0.705057 0.208577
2 0.044432 0.000000 0.044432 0.208577 0.038182 0.208577 0.037557 0.000000
2 0.952557 0.000000 0.953182 0.489827 0.948182 0.493733 0.953182 0.513264 0.956932 0.661701 0.947557 0.661701 0.941932 0.599201 0.940682 0.513264 0.943807 0.485920 0.943182 0.000000
2 0.383182 0.000000 0.378807 0.599201 0.383807 0.962483 0.375682 0.962483 0.370682 0.685139 0.374432 0.000000
2 0.412557 0.000000 0.406307 0.489827 0.414432 0.505451 0.420057 0.888264 0.411932 0.892170 0.413182 0.962483 0.397557 0.962483 0.397557 0.000000
3 0.650682 0.274983 0.659432 0.274983 0.665057 0.329670 0.684432 0.325764 0.693807 0.388264 0.703807 0.653889 0.705057 0.958577 0.693807 0.935139 0.690682 0.860920 0.682557 0.829670 0.675057 0.735920 0.651932 0.634358 0.658807 0.517170 0.640682 0.411701 0.654432 0.353108
3 0.764432 0.000000 0.769432 0.099201 0.759432 0.239827 0.746932 0.337483 0.736307 0.364827 0.723182 0.282795 0.731932 0.173420 0.731932 0.122639 0.738182 0.067951 0.738807 0.000000
3 0.223807 0.200764 0.232557 0.200764 0.238182 0.255451 0.257557 0.251545 0.266932 0.314045 0.276932 0.579670 0.278182 0.884358 0.266932 0.860920 0.263807 0.786701 0.255682 0.755451 0.248182 0.661701 0.225057 0.560139 0.231932 0.442951 0.213807 0.337482 0.227557 0.278889
3 0.443182 0.142170 0.451932 0.142170 0.457557 0.196857 0.476932 0.192951 0.486307 0.255451 0.496307 0.521076 0.497557 0.825764 0.486307 0.802326 0.483182 0.728107 0.475057 0.696857 0.467557 0.603107 0.444432 0.501545 0.451307 0.384357 0.433182 0.278888 0.446932 0.220295
