2 0.344375 0.796875 0.353125 0.800781 0.357500 0.996094 0.347500 0.996094
2 0.085625 0.757812 0.085000 0.996094 0.078125 0.996094 0.078125 0.757812
2 0.311875 0.156250 0.313750 0.382812 0.308125 0.382812 0.305000 0.156250
2 0.220625 0.007812 0.229375 0.011719 0.233750 0.710938 0.225000 0.707031
2 0.111250 0.003906 0.115625 0.410156 0.101250 0.492188 0.100000 0.003906
2 0.169375 0.003906 0.178750 0.003906 0.178125 0.253906 0.185000 0.265625 0.185625 0.554688 0.173750 0.527344
2 0.243750 0.003906 0.246250 0.660156 0.236875 0.691406 0.234375 0.003906
2 0.303750 0.003906 0.301250 0.433594 0.296875 0.433594 0.293750 0.003906
2 0.981250 0.000000 0.976875 0.003906 0.981875 0.996094 0.971250 0.996094 0.968125 0.007812
3 0.171250 0.789062 0.176875 0.792969 0.177500 0.800781 0.177500 0.855469 0.181875 0.917969 0.181250 0.949219 0.175625 0.957031 0.170000 0.925781 0.168750 0.898438 0.169375 0.875000 0.167500 0.843750
3 0.319375 0.937500 0.317500 0.996094 0.255625 0.996094 0.243750 0.906250 0.230000 0.996094 0.185625 0.996094 0.210625 0.750000 0.252500 0.656250 0.275000 0.832031 0.300000 0.843750
3 0.083125 0.605469 0.093750 0.542969 0.110000 0.515625 0.119375 0.417969 0.141875 0.511719 0.150625 0.476562 0.163125 0.488281 0.208125 0.632812 0.178750 0.742188 0.139375 0.605469 0.121875 0.757812 0.113750 0.699219 0.089375 0.664062
3 0.149375 0.636719 0.160000 0.574219 0.176250 0.546875 0.185625 0.449219 0.208125 0.542969 0.216875 0.507812 0.229375 0.519531 0.274375 0.664062 0.245000 0.773438 0.205625 0.636719 0.188125 0.789062 0.180000 0.730469 0.155625 0.695312
