2 0.947500 0.527344 0.948125 0.613281 0.941875 0.722656 0.923750 0.707031 0.926875 0.589844 0.933125 0.519531 0.938125 0.503906
2 0.812500 0.226562 0.818125 0.257812 0.817500 0.355469 0.815000 0.402344 0.805000 0.406250 0.801250 0.335938 0.801875 0.246094
2 0.886875 0.027344 0.894375 0.042969 0.894375 0.074219 0.890625 0.191406 0.885000 0.199219 0.878125 0.136719 0.878125 0.074219 0.880625 0.042969
2 0.330000 0.003906 0.336875 0.027344 0.336875 0.394531 0.333750 0.464844 0.317500 0.460938 0.315000 0.320312 0.320625 0.140625 0.320000 0.003906
2 0.521250 0.003906 0.531250 0.035156 0.531250 0.937500 0.525625 0.996094 0.514375 0.984375 0.507500 0.906250 0.505625 0.667969 0.510000 0.062500
2 0.560000 0.003906 0.566875 0.027344 0.566875 0.699219 0.562500 0.894531 0.551875 0.894531 0.545000 0.855469 0.545000 0.031250
2 0.616250 0.003906 0.624375 0.039062 0.620625 0.410156 0.623125 0.734375 0.615625 0.851562 0.603125 0.687500 0.607500 0.019531
3 0.053750 0.058594 0.072500 0.007812 0.201875 0.007812 0.212500 0.066406 0.206875 0.335938 0.162500 0.925781 0.139375 0.871094 0.129375 0.437500 0.115000 0.242188 0.088750 0.277344 0.063750 0.226562
3 0.796875 0.078125 0.815625 0.027343 0.945000 0.027343 0.955625 0.085937 0.950000 0.355469 0.905625 0.945312 0.882500 0.890625 0.872500 0.457031 0.858125 0.261719 0.831875 0.296875 0.806875 0.246093
3 0.010625 0.062500 0.029375 0.011718 0.158750 0.011718 0.169375 0.070312 0.163750 0.339844 0.119375 0.929687 0.096250 0.875000 0.086250 0.441406 0.071875 0.246094 0.045625 0.281250 0.020625 0.230468
