2 0.574310 0.598088 0.573060 1.000000 0.566185 1.000000 0.564310 0.598088
2 0.169310 0.449651 0.170560 1.000000 0.162435 1.000000 0.162435 0.449651
2 0.940560 0.090276 0.936185 0.871526 0.929935 0.875432 0.930560 0.090276
2 0.409310 0.082463 0.411810 0.324651 0.404935 0.324651 0.403685 0.082463
2 0.578685 0.082463 0.588060 0.082463 0.586185 0.594182 0.578685 0.586369
3 0.824310 0.766057 0.808685 0.883245 0.806185 1.000000 0.786810 1.000000 0.789310 0.832463 0.808685 0.695745 0.759310 0.816838 0.736185 0.793401 0.731185 0.730901 0.771810 0.723088 0.809310 0.594182 0.821810 0.656682
3 0.814310 0.168401 0.812435 0.242619 0.791185 0.289495 0.778685 0.269963 0.768685 0.285588 0.763060 0.246526 0.768060 0.191838 0.769935 0.203557 0.796810 0.160588
3 0.578060 0.082463 0.574310 0.121526 0.568685 0.101995 0.554935 0.164495 0.534310 0.359807 0.523685 0.309026 0.500560 0.430119 0.489310 0.414495 0.489935 0.332463 0.506810 0.184026 0.543060 0.082463
3 0.989310 0.082463 0.994310 0.101995 0.995560 0.480901 0.986810 0.566838 0.973685 0.609807 0.968060 0.519963 0.976810 0.387151 0.976185 0.199651 0.979310 0.125432
3 0.973685 0.644963 0.958060 0.762151 0.955560 0.878906 0.936185 0.878906 0.938685 0.711369 0.958060 0.574651 0.908685 0.695744 0.885560 0.672307 0.880560 0.609807 0.921185 0.601994 0.958685 0.473088 0.971185 0.535588
