2 0.477500 0.519531 0.478750 0.980469 0.485625 0.980469 0.487500 0.519531
2 0.882500 0.371094 0.881250 0.968750 0.889375 0.968750 0.889375 0.371094
2 0.111250 0.011719 0.115625 0.792969 0.121875 0.796875 0.121250 0.011719
2 0.642500 0.003906 0.640000 0.246094 0.646875 0.246094 0.648125 0.003906
2 0.473125 0.003906 0.463750 0.003906 0.465625 0.515625 0.473125 0.507812
3 0.227500 0.687500 0.243125 0.804688 0.245625 0.964844 0.265000 0.996094 0.262500 0.753906 0.243125 0.617188 0.292500 0.738281 0.315625 0.714844 0.320625 0.652344 0.280000 0.644531 0.242500 0.515625 0.230000 0.578125
3 0.237500 0.089844 0.239375 0.164062 0.260625 0.210938 0.273125 0.191406 0.283125 0.207031 0.288750 0.167969 0.283750 0.113281 0.281875 0.125000 0.255000 0.082031
3 0.473750 0.003906 0.477500 0.042969 0.483125 0.023438 0.496875 0.085938 0.517500 0.281250 0.528125 0.230469 0.551250 0.351562 0.562500 0.335938 0.561875 0.253906 0.545000 0.105469 0.508750 0.003906
3 0.062500 0.003906 0.057500 0.023438 0.056250 0.402344 0.065000 0.488281 0.078125 0.531250 0.083750 0.441406 0.075000 0.308594 0.075625 0.121094 0.072500 0.046875
3 0.497500 0.601563 0.499375 0.675781 0.520625 0.722657 0.533125 0.703125 0.543125 0.718750 0.548750 0.679688 0.543750 0.625000 0.541875 0.636719 0.515000 0.593750
