2 0.526875 0.453125 0.530625 0.941406 0.532500 0.945312
2 0.581250 0.285156 0.581875 0.468750 0.585625 0.476562 0.583125 0.312500
2 0.598125 0.222656 0.600000 0.500000 0.602500 0.511719 0.600625 0.285156
2 0.621250 0.140625 0.612500 0.187500 0.615625 0.511719 0.623125 0.460938 0.625625 0.148438
2 0.558125 0.039062 0.562500 0.371094 0.565000 0.367188 0.560625 0.066406 0.560000 0.042969
2 0.507500 0.015625 0.515000 0.957031 0.518750 0.988281
3 0.727500 0.878906 0.722500 0.906250 0.714375 0.929688 0.715625 0.949219 0.719375 0.945312 0.724375 0.929688 0.728750 0.910156 0.729375 0.898438
3 0.699375 0.835938 0.700000 0.835938 0.700625 0.839844 0.702500 0.839844 0.703125 0.843750 0.703750 0.843750 0.703750 0.839844 0.704375 0.835938 0.704375 0.832031 0.705000 0.828125 0.705000 0.824219 0.700625 0.824219 0.700000 0.828125 0.700000 0.832031
3 0.662500 0.800781 0.662500 0.820312 0.665625 0.839844 0.673125 0.824219 0.670625 0.808594 0.670625 0.804688 0.667500 0.789062 0.664375 0.789062
3 0.751875 0.742188 0.749375 0.718750 0.741250 0.746094 0.723125 0.761719 0.721250 0.781250 0.728125 0.769531 0.740625 0.781250 0.748750 0.761719
3 0.303750 0.699219 0.301875 0.714844 0.301875 0.750000 0.302500 0.757812 0.306875 0.765625 0.309375 0.746094 0.310000 0.722656 0.306250 0.703125
3 0.326875 0.402344 0.314375 0.707031 0.323125 0.777344 0.333125 0.785156 0.340000 0.816406 0.338125 0.718750 0.331250 0.652344 0.334375 0.640625 0.329375 0.570312 0.331250 0.554688 0.330000 0.441406
3 0.330000 0.289062 0.326875 0.347656 0.330625 0.363281 0.332500 0.410156 0.337500 0.445312 0.343750 0.437500 0.347500 0.394531 0.347500 0.367188 0.349375 0.347656 0.335625 0.296875
3 0.796875 0.246094 0.801250 0.300781 0.801875 0.324219 0.803750 0.351562 0.803750 0.363281 0.803125 0.292969
3 0.328125 0.238281 0.345625 0.210938 0.356875 0.238281 0.361250 0.207031 0.358125 0.167969 0.341250 0.128906 0.340000 0.136719 0.344375 0.171875
3 0.772500 0.015625 0.806250 0.269531 0.823125 0.660156 0.833750 0.703125 0.849375 0.457031 0.859375 0.457031 0.876250 0.777344 0.904375 0.859375 0.905625 0.812500 0.895625 0.824219 0.856250 0.425781 0.841250 0.433594 0.830625 0.585938 0.799375 0.093750 0.787500 0.011719
3 0.726250 0.007812 0.725000 0.109375 0.730625 0.156250 0.735000 0.148438 0.736250 0.171875 0.739375 0.183594 0.749375 0.187500 0.748750 0.164062 0.753750 0.117188 0.753125 0.082031 0.748750 0.066406 0.749375 0.011719
3 0.875000 0.261719 0.879375 0.316406 0.880000 0.339844 0.881875 0.367187 0.881875 0.378906 0.881250 0.308594
3 0.391250 0.390625 0.395625 0.445312 0.396250 0.468750 0.398125 0.496093 0.398125 0.507812 0.397500 0.437500
