2 0.490875 0.523044 0.494625 1.000000 0.496500 1.000000
2 0.545250 0.355075 0.545875 0.538669 0.549625 0.546481 0.547125 0.382419
2 0.562125 0.292575 0.564000 0.569919 0.566500 0.581638 0.564625 0.355075
2 0.585250 0.210544 0.576500 0.257419 0.579625 0.581638 0.587125 0.530857 0.589625 0.218357
2 0.522125 0.108981 0.526500 0.441013 0.529000 0.437107 0.524625 0.136325 0.524000 0.112888
2 0.471500 0.085544 0.479000 1.000000 0.482750 1.000000
3 0.691500 0.948825 0.686500 0.976169 0.678375 0.999607 0.679625 1.000000 0.683375 1.000000 0.688375 0.999607 0.692750 0.980075 0.693375 0.968357
3 0.663375 0.905857 0.664000 0.905857 0.664625 0.909763 0.666500 0.909763 0.667125 0.913669 0.667750 0.913669 0.667750 0.909763 0.668375 0.905857 0.668375 0.901950 0.669000 0.898044 0.669000 0.894138 0.664625 0.894138 0.664000 0.898044 0.664000 0.901950
3 0.626500 0.870700 0.626500 0.890231 0.629625 0.909763 0.637125 0.894138 0.634625 0.878513 0.634625 0.874607 0.631500 0.858981 0.628375 0.858981
3 0.715875 0.812107 0.713375 0.788669 0.705250 0.816013 0.687125 0.831638 0.685250 0.851169 0.692125 0.839450 0.704625 0.851169 0.712750 0.831638
3 0.267750 0.769138 0.265875 0.784763 0.265875 0.819919 0.266500 0.827731 0.270875 0.835544 0.273375 0.816013 0.274000 0.792575 0.270250 0.773044
3 0.290875 0.472263 0.278375 0.776950 0.287125 0.847263 0.297125 0.855075 0.304000 0.886325 0.302125 0.788669 0.295250 0.722263 0.298375 0.710544 0.293375 0.640231 0.295250 0.624607 0.294000 0.511325
3 0.294000 0.358981 0.290875 0.417575 0.294625 0.433200 0.296500 0.480075 0.301500 0.515231 0.307750 0.507419 0.311500 0.464450 0.311500 0.437107 0.313375 0.417575 0.299625 0.366794
3 0.760875 0.316013 0.765250 0.370700 0.765875 0.394138 0.767750 0.421481 0.767750 0.433200 0.767125 0.362888
3 0.292125 0.308200 0.309625 0.280857 0.320875 0.308200 0.325250 0.276950 0.322125 0.237888 0.305250 0.198825 0.304000 0.206638 0.308375 0.241794
3 0.736500 0.085544 0.770250 0.339450 0.787125 0.730075 0.797750 0.773044 0.813375 0.526950 0.823375 0.526950 0.840250 0.847263 0.868375 0.929294 0.869625 0.882419 0.859625 0.894138 0.820250 0.495700 0.805250 0.503513 0.794625 0.655857 0.763375 0.163669 0.751500 0.081638
3 0.690250 0.077731 0.689000 0.179294 0.694625 0.226169 0.699000 0.218357 0.700250 0.241794 0.703375 0.253513 0.713375 0.257419 0.712750 0.233981 0.717750 0.187107 0.717125 0.151950 0.712750 0.136325 0.713375 0.081638
3 0.201500 0.355076 0.199625 0.370701 0.199625 0.405857 0.200250 0.413669 0.204625 0.421482 0.207125 0.401951 0.207750 0.378513 0.204000 0.358982
3 0.174000 0.019137 0.172750 0.120700 0.178375 0.167575 0.182750 0.159763 0.184000 0.183200 0.187125 0.194919 0.197125 0.198825 0.196500 0.175387 0.201500 0.128513 0.200875 0.093356 0.196500 0.077731 0.197125 0.023044
3 0.393375 0.554294 0.380875 0.858981 0.389625 0.929294 0.399625 0.937106 0.406500 0.968356 0.404625 0.870700 0.397750 0.804294 0.400875 0.792575 0.395875 0.722262 0.397750 0.706638 0.396500 0.593356
