3 0.566335 1.000000 0.704460 1.000000 0.706960 1.000000 0.674460 1.000000 0.661335 0.957044 0.629460 0.914075 0.616335 0.863294
3 0.914460 0.515638 0.910710 0.515638 0.905085 0.527357 0.899460 0.554701 0.905710 0.625013 0.912585 0.621107 0.915085 0.609388 0.916960 0.585951 0.916960 0.554701
3 0.713210 0.542982 0.723210 0.589857 0.718835 0.644544 0.723210 0.722669 0.736960 0.687513 0.754460 0.710951 0.766960 0.789075 0.771335 0.906263 0.750085 0.933607 0.748210 1.000000 0.810710 1.000000 0.803210 0.863294 0.794460 0.859388 0.785710 0.773451 0.790085 0.656263 0.775710 0.554701 0.756960 0.550794 0.744460 0.472669 0.726335 0.468763
3 0.955710 0.363294 0.936960 0.433607 0.941335 0.492201 0.946335 0.492201 0.955710 0.414075
3 0.561335 0.324232 0.566335 0.382825 0.576960 0.429701 0.615085 0.414075 0.621335 0.390638 0.630085 0.460951 0.635085 0.429701 0.630085 0.281263 0.610710 0.320325 0.590710 0.246107 0.578210 0.230482
3 0.391960 0.070325 0.386960 0.175794 0.414460 0.351575 0.479460 0.628919 0.487585 0.617201 0.497585 0.515638 0.470710 0.484388 0.453210 0.363294 0.461335 0.207044 0.456335 0.128919 0.433210 0.109388 0.452585 0.074232
3 0.142585 0.070325 0.158835 0.152357 0.195085 0.210951 0.200710 0.250013 0.208835 0.253919 0.220710 0.210951 0.219460 0.164075 0.196960 0.070325 0.185085 0.070325 0.196960 0.125013 0.188835 0.140638 0.171960 0.113294 0.165085 0.070325 0.156960 0.070325 0.163210 0.093763 0.161335 0.113294 0.152585 0.070325
3 0.361960 0.070325 0.345085 0.066419 0.342585 0.109388 0.343210 0.167982 0.338210 0.183607 0.347585 0.242201 0.358210 0.218763 0.363835 0.144544 0.363835 0.089857
3 0.065085 0.312513 0.073835 0.316419 0.114460 0.152357 0.115710 0.097669 0.106960 0.101575 0.098835 0.074232 0.064460 0.066419
3 0.849460 0.722669 0.832585 0.718763 0.830085 0.761732 0.830710 0.820326 0.825710 0.835951 0.835085 0.894545 0.845710 0.871107 0.851335 0.796888 0.851335 0.742201
