3 0.458543 0.968376 0.320418 0.987908 0.317918 0.937126 0.350418 0.944939 0.363543 0.886345 0.395418 0.843376 0.408543 0.792595
3 0.110418 0.444939 0.114168 0.444939 0.119793 0.456658 0.125418 0.484002 0.119168 0.554314 0.112293 0.550408 0.109793 0.538689 0.107918 0.515252 0.107918 0.484002
3 0.311668 0.472283 0.301668 0.519158 0.306043 0.573845 0.301668 0.651970 0.287918 0.616814 0.270418 0.640252 0.257918 0.718376 0.253543 0.835564 0.274793 0.862908 0.276668 0.987908 0.214168 0.968376 0.221668 0.792595 0.230418 0.788689 0.239168 0.702752 0.234793 0.585564 0.249168 0.484002 0.267918 0.480095 0.280418 0.401970 0.298543 0.398064
3 0.069168 0.292595 0.087918 0.362908 0.083543 0.421502 0.078543 0.421502 0.069168 0.343376
3 0.463543 0.253533 0.458543 0.312126 0.447918 0.359002 0.409793 0.343376 0.403543 0.319939 0.394793 0.390252 0.389793 0.359002 0.394793 0.210564 0.414168 0.249626 0.434168 0.175408 0.446668 0.159783
3 0.632918 0.000000 0.637918 0.105095 0.610418 0.280876 0.545418 0.558220 0.537293 0.546502 0.527293 0.444939 0.554168 0.413689 0.571668 0.292595 0.563543 0.136345 0.568543 0.058220 0.591668 0.038689 0.572293 0.003533
3 0.882293 0.000000 0.866043 0.081658 0.829793 0.140252 0.824168 0.179314 0.816043 0.183220 0.804168 0.140252 0.805418 0.093376 0.827918 0.000000 0.839793 0.000000 0.827918 0.054314 0.836043 0.069939 0.852918 0.042595 0.859793 0.000000 0.867918 0.000000 0.861668 0.023064 0.863543 0.042595 0.872293 0.000000
3 0.662918 0.000000 0.679793 0.000000 0.682293 0.038689 0.681668 0.097283 0.686668 0.112908 0.677293 0.171502 0.666668 0.148064 0.661043 0.073845 0.661043 0.019158
3 0.959793 0.241814 0.951043 0.245720 0.910418 0.081658 0.909168 0.026970 0.917918 0.030876 0.926043 0.003533 0.960418 0.000000
3 0.951043 0.351189 0.941043 0.398064 0.945418 0.452751 0.941043 0.530876 0.927293 0.495720 0.909793 0.519158 0.897293 0.597282 0.892918 0.714470 0.914168 0.741814 0.916043 0.866814 0.853543 0.847282 0.861043 0.671501 0.869793 0.667595 0.878543 0.581658 0.874168 0.464470 0.888543 0.362908 0.907293 0.359001 0.919793 0.280876 0.937918 0.276970
