2 0.562014 0.550546 0.551389 0.577890 0.550139 0.761484 0.557014 0.874765 0.563264 0.894296 0.571389 0.784921 0.570139 0.577890
2 0.749514 0.241952 0.743264 0.288828 0.745139 0.792734 0.753889 0.773202 0.758889 0.675546 0.755139 0.437265 0.756389 0.265390
2 0.927639 0.167734 0.922014 0.230234 0.922639 0.429452 0.925139 0.507578 0.935764 0.495859 0.937014 0.171640
2 0.823889 0.089609 0.820139 0.163828 0.818264 0.312265 0.820139 0.378671 0.830764 0.480234 0.835139 0.343515 0.831389 0.191171 0.832639 0.089609
2 0.727639 0.081796 0.683889 0.089609 0.685764 0.402109 0.702014 0.441171 0.727639 0.312265 0.731389 0.124765
2 0.647014 0.081796 0.637639 0.132578 0.637639 0.359140 0.644514 0.460702 0.657014 0.366952 0.657014 0.093515
2 0.599514 0.081796 0.603264 0.464609 0.622014 0.698984 0.631389 0.573984 0.631389 0.116952 0.623889 0.081796
3 0.228889 0.214609 0.209514 0.339609 0.208889 0.702890 0.232639 1.000000 0.251389 1.000000 0.305764 1.000000 0.286389 0.909921 0.280764 0.698984 0.260139 0.527109 0.247014 0.245859
3 0.802639 0.175546 0.786389 0.230234 0.748264 1.000000 0.835139 1.000000 0.863264 1.000000 0.858889 0.652109 0.830139 0.534921
3 0.055139 0.156016 0.035764 0.281016 0.035139 0.644297 0.058889 0.941406 0.077639 0.941406 0.132014 0.941406 0.112639 0.851328 0.107014 0.640391 0.086389 0.468516 0.073264 0.187266
3 0.372014 0.171641 0.352639 0.296641 0.352014 0.659922 0.375764 0.957031 0.394514 0.957031 0.448889 0.957031 0.429514 0.866953 0.423889 0.656016 0.403264 0.484141 0.390139 0.202891
