2 0.527500 0.472656 0.516875 0.500000 0.515625 0.683594 0.522500 0.796875 0.528750 0.816406 0.536875 0.707031 0.535625 0.500000
2 0.715000 0.164062 0.708750 0.210938 0.710625 0.714844 0.719375 0.695312 0.724375 0.597656 0.720625 0.359375 0.721875 0.187500
2 0.893125 0.089844 0.887500 0.152344 0.888125 0.351562 0.890625 0.429688 0.901250 0.417969 0.902500 0.093750
2 0.789375 0.011719 0.785625 0.085938 0.783750 0.234375 0.785625 0.300781 0.796250 0.402344 0.800625 0.265625 0.796875 0.113281 0.798125 0.011719
2 0.693125 0.003906 0.649375 0.011719 0.651250 0.324219 0.667500 0.363281 0.693125 0.234375 0.696875 0.046875
2 0.612500 0.003906 0.603125 0.054688 0.603125 0.281250 0.610000 0.382812 0.622500 0.289062 0.622500 0.015625
2 0.565000 0.003906 0.568750 0.386719 0.587500 0.621094 0.596875 0.496094 0.596875 0.039062 0.589375 0.003906
3 0.194375 0.136719 0.175000 0.261719 0.174375 0.625000 0.198125 0.945312 0.216875 0.984375 0.271250 0.996094 0.251875 0.832031 0.246250 0.621094 0.225625 0.449219 0.212500 0.167969
3 0.768125 0.097656 0.751875 0.152344 0.713750 0.980469 0.800625 0.996094 0.828750 0.957031 0.824375 0.574219 0.795625 0.457031
3 0.646250 0.011718 0.630000 0.066407 0.591875 0.894531 0.678750 0.910156 0.706875 0.871094 0.702500 0.488281 0.673750 0.371094
