2 0.641875 0.511719 0.646875 0.996094 0.655000 0.996094 0.652500 0.511719
2 0.947500 0.097656 0.941875 0.128906 0.946875 0.585938 0.955000 0.531250
3 0.741875 0.753906 0.739375 0.992188 0.757500 0.996094 0.757500 0.910156 0.753750 0.796875
3 0.501250 0.515625 0.490625 0.542969 0.489375 0.582031 0.495625 0.660156 0.478750 0.769531 0.477500 0.820312 0.486875 0.863281 0.495000 0.828125 0.505000 0.847656 0.521875 0.996094 0.531250 0.953125 0.527500 0.816406 0.537500 0.566406 0.510000 0.562500
3 0.873125 0.511719 0.858750 0.675781 0.859375 0.753906 0.846250 0.964844 0.851250 0.996094 0.920625 0.988281 0.906875 0.851562 0.886250 0.761719 0.880625 0.554688
3 0.997500 0.472656 0.989375 0.558594 0.981875 0.445312 0.965625 0.496094 0.965000 0.570312 0.946250 0.648438 0.944375 0.726562 0.951875 0.769531 0.970625 0.746094 0.981250 0.644531 0.995000 0.644531 0.965625 0.828125 0.944375 0.843750 0.945625 0.906250 0.960000 0.949219 0.950625 0.945312 0.948750 0.996094 0.996875 0.996094
3 0.310000 0.269531 0.308750 0.335938 0.338125 0.441406 0.329375 0.648438 0.338750 0.808594 0.365625 0.824219 0.395625 0.636719 0.407500 0.761719 0.412500 0.574219 0.406875 0.332031 0.396250 0.382812 0.388125 0.304688 0.377500 0.457031 0.372500 0.285156 0.361250 0.562500 0.345625 0.296875
3 0.455625 0.246094 0.445000 0.312500 0.438750 0.554688 0.431250 0.679688 0.441250 0.656250 0.450000 0.703125 0.447500 0.726562 0.432500 0.687500 0.414375 0.757812 0.410000 0.824219 0.430000 0.878906 0.436250 0.832031 0.455000 0.867188 0.470625 0.984375 0.477500 0.917969 0.468750 0.746094 0.463750 0.363281
3 0.631250 0.710937 0.628750 0.949219 0.646875 0.953125 0.646875 0.867187 0.643125 0.753906
3 0.200000 0.601562 0.197500 0.839844 0.215625 0.843750 0.215625 0.757812 0.211875 0.644531
