2 0.428847 0.555186 0.423847 1.000000 0.415722 1.000000 0.418222 0.555186
2 0.123222 0.141123 0.128847 0.172373 0.123847 0.629405 0.115722 0.574717
3 0.328847 0.797373 0.331347 1.000000 0.313222 1.000000 0.313222 0.953623 0.316972 0.840342
3 0.569472 0.559092 0.580097 0.586436 0.581347 0.625498 0.575097 0.703623 0.591972 0.812998 0.593222 0.863779 0.583847 0.906748 0.575722 0.871592 0.565722 0.891123 0.548847 1.000000 0.539472 0.996592 0.543222 0.859873 0.533222 0.609873 0.560722 0.605967
3 0.197597 0.555186 0.211972 0.719248 0.211347 0.797373 0.224472 1.000000 0.219472 1.000000 0.150097 1.000000 0.163847 0.895029 0.184472 0.805186 0.190097 0.598155
3 0.073222 0.516123 0.081347 0.602061 0.088847 0.488779 0.105097 0.539561 0.105722 0.613779 0.124472 0.691905 0.126347 0.770029 0.118847 0.812998 0.100097 0.789561 0.089472 0.687998 0.075722 0.687998 0.105097 0.871592 0.126347 0.887217 0.125097 0.949717 0.110722 0.992686 0.120097 0.988779 0.121972 1.000000 0.073847 1.000000
3 0.760722 0.312998 0.761972 0.379405 0.732597 0.484873 0.741347 0.691905 0.731972 0.852061 0.705097 0.867686 0.675097 0.680186 0.663222 0.805186 0.658222 0.617686 0.663847 0.375498 0.674472 0.426279 0.682597 0.348155 0.693222 0.500498 0.698222 0.328623 0.709472 0.605967 0.725097 0.340342
3 0.615097 0.289561 0.625722 0.355967 0.631972 0.598155 0.639472 0.723155 0.629472 0.699717 0.620722 0.746592 0.623222 0.770029 0.638222 0.730967 0.656347 0.801279 0.660722 0.867686 0.640722 0.922373 0.634472 0.875498 0.615722 0.910655 0.600097 1.000000 0.593222 0.961436 0.601972 0.789561 0.606972 0.406748
3 0.116347 0.242686 0.126972 0.309092 0.133222 0.551280 0.140722 0.676280 0.130722 0.652842 0.121972 0.699717 0.124472 0.723154 0.139472 0.684092 0.157597 0.754404 0.161972 0.820811 0.141972 0.875498 0.135722 0.828623 0.116972 0.863780 0.101347 0.953125 0.094472 0.914561 0.103222 0.742686 0.108222 0.359873
3 0.716972 0.355967 0.731347 0.520029 0.730722 0.598154 0.743847 0.800781 0.738847 0.800781 0.669472 0.800781 0.683222 0.695810 0.703847 0.605967 0.709472 0.398936
