2 0.098440 0.553726 0.102190 0.874038 0.121565 0.858413 0.124065 0.553726
2 0.895940 0.319350 0.897815 0.655288 0.907190 0.655288 0.908440 0.323257
2 0.897190 0.000000 0.897815 0.276382 0.907190 0.276382 0.905940 0.000000
2 0.121565 0.000000 0.107815 0.000000 0.108440 0.143569 0.100315 0.229507 0.105315 0.315444 0.105940 0.487319 0.119065 0.487319
2 0.092815 0.000000 0.082190 0.000000 0.072190 0.928726 0.084690 0.924819
3 0.374065 0.631850 0.353440 0.561538 0.342815 0.588882 0.334065 0.639663 0.332815 0.682632 0.345315 0.635757 0.355940 0.659194 0.360940 0.721694 0.350315 0.694350 0.329690 0.725600 0.321565 0.799819 0.320315 0.858413 0.340940 0.862319 0.353440 0.834976 0.360940 0.788100 0.360940 0.729507 0.372190 0.702163
3 0.376565 0.483413 0.370940 0.417007 0.364690 0.413100 0.347190 0.459976 0.345940 0.518569 0.352190 0.534194 0.362190 0.530288 0.370315 0.510757
3 0.401565 0.307632 0.398440 0.385757 0.399690 0.420913 0.401565 0.432632 0.404690 0.432632 0.407190 0.393569 0.407815 0.346694
3 0.692815 0.307631 0.687190 0.241225 0.680940 0.237318 0.663440 0.284194 0.662190 0.342787 0.668440 0.358412 0.678440 0.354506 0.686565 0.334975
3 0.295315 0.280288 0.289690 0.213882 0.283440 0.209975 0.265940 0.256851 0.264690 0.315444 0.270940 0.331069 0.280940 0.327163 0.289065 0.307632
3 0.629690 0.358413 0.624065 0.292007 0.617815 0.288100 0.600315 0.334976 0.599065 0.393569 0.605315 0.409194 0.615315 0.405288 0.623440 0.385757
