3 0.710547 0.543320 0.711172 0.633164 0.706172 0.707383 0.706172 0.781602 0.710547 0.785508 0.709297 0.836289 0.718672 0.871446 0.724297 0.867539 0.728047 0.851914 0.729297 0.777696 0.749297 0.644883 0.749297 0.617539 0.738672 0.617539 0.729297 0.574570
3 0.608047 0.672227 0.614297 0.707383 0.661797 0.699570 0.616797 0.762070 0.631797 0.793320 0.618047 0.863633 0.635547 0.801133 0.658672 0.875352 0.668047 0.836289 0.704297 0.848008 0.709922 0.598008 0.704922 0.551133 0.688672 0.578477 0.659297 0.527696 0.646797 0.562852 0.644922 0.613633
3 0.752422 0.176133 0.753047 0.180039 0.753047 0.183946 0.753672 0.187852 0.753672 0.191758 0.754297 0.195664 0.754922 0.195664 0.755547 0.191758 0.756797 0.191758 0.756172 0.191758 0.755547 0.187852 0.754922 0.187852 0.754297 0.183946 0.753672 0.183946
3 0.988047 0.328477 0.988672 0.164414 0.968672 0.191758 0.948672 0.187852 0.932422 0.203477 0.935547 0.219102 0.937422 0.265977 0.954922 0.316758
3 0.738047 0.144883 0.739922 0.144883 0.740547 0.148789 0.741797 0.148789 0.742422 0.152696 0.743672 0.152696 0.744297 0.156602 0.745547 0.156602 0.746172 0.160508 0.747422 0.160508 0.748047 0.164414 0.748672 0.164414 0.748047 0.164414 0.746172 0.156602 0.744922 0.156602 0.744297 0.152696 0.743047 0.152696 0.741172 0.144883
3 0.723047 0.121446 0.723047 0.125352 0.725547 0.125352 0.726172 0.129258 0.726797 0.129258 0.726172 0.129258 0.725547 0.125352 0.724922 0.125352 0.724297 0.121446
3 0.736172 0.066758 0.733672 0.074570 0.732422 0.074570 0.724922 0.098008 0.723672 0.113633 0.729922 0.094102 0.733672 0.074570
3 0.744297 0.051133 0.742422 0.051133 0.741797 0.055039 0.741172 0.055039 0.740547 0.058946 0.739297 0.058946 0.738672 0.062852 0.737422 0.062852 0.738672 0.062852 0.739297 0.058946 0.740547 0.058946 0.741172 0.055039 0.742422 0.055039 0.743047 0.051133
3 0.990547 0.137070 0.990547 0.000000 0.814922 0.000000 0.814297 0.074570 0.762422 0.043320 0.817422 0.082383 0.833672 0.324570 0.854297 0.316758 0.848672 0.254258 0.864297 0.180039 0.885547 0.219102
3 0.682422 0.273789 0.683047 0.277695 0.683047 0.281602 0.683672 0.285508 0.683672 0.289414 0.684297 0.293320 0.684922 0.293320 0.685547 0.289414 0.686797 0.289414 0.686172 0.289414 0.685547 0.285508 0.684922 0.285508 0.684297 0.281602 0.683672 0.281602
3 0.518672 0.879258 0.519297 0.715195 0.499297 0.742539 0.479297 0.738633 0.463047 0.754258 0.466172 0.769883 0.468047 0.816758 0.485547 0.867539
