3 0.283125 0.601562 0.282500 0.691406 0.287500 0.765625 0.287500 0.839844 0.283125 0.843750 0.284375 0.894531 0.275000 0.929688 0.269375 0.925781 0.265625 0.910156 0.264375 0.835938 0.244375 0.703125 0.244375 0.675781 0.255000 0.675781 0.264375 0.632812
3 0.385625 0.730469 0.379375 0.765625 0.331875 0.757812 0.376875 0.820312 0.361875 0.851562 0.375625 0.921875 0.358125 0.859375 0.335000 0.933594 0.325625 0.894531 0.289375 0.906250 0.283750 0.656250 0.288750 0.609375 0.305000 0.636719 0.334375 0.585938 0.346875 0.621094 0.348750 0.671875
3 0.241250 0.234375 0.240625 0.238281 0.240625 0.242188 0.240000 0.246094 0.240000 0.250000 0.239375 0.253906 0.238750 0.253906 0.238125 0.250000 0.236875 0.250000 0.237500 0.250000 0.238125 0.246094 0.238750 0.246094 0.239375 0.242188 0.240000 0.242188
3 0.005625 0.386719 0.005000 0.222656 0.025000 0.250000 0.045000 0.246094 0.061250 0.261719 0.058125 0.277344 0.056250 0.324219 0.038750 0.375000
3 0.255625 0.203125 0.253750 0.203125 0.253125 0.207031 0.251875 0.207031 0.251250 0.210938 0.250000 0.210938 0.249375 0.214844 0.248125 0.214844 0.247500 0.218750 0.246250 0.218750 0.245625 0.222656 0.245000 0.222656 0.245625 0.222656 0.247500 0.214844 0.248750 0.214844 0.249375 0.210938 0.250625 0.210938 0.252500 0.203125
3 0.270625 0.179688 0.270625 0.183594 0.268125 0.183594 0.267500 0.187500 0.266875 0.187500 0.267500 0.187500 0.268125 0.183594 0.268750 0.183594 0.269375 0.179688
3 0.257500 0.125000 0.260000 0.132812 0.261250 0.132812 0.268750 0.156250 0.270000 0.171875 0.263750 0.152344 0.260000 0.132812
3 0.249375 0.109375 0.251250 0.109375 0.251875 0.113281 0.252500 0.113281 0.253125 0.117188 0.254375 0.117188 0.255000 0.121094 0.256250 0.121094 0.255000 0.121094 0.254375 0.117188 0.253125 0.117188 0.252500 0.113281 0.251250 0.113281 0.250625 0.109375
3 0.003125 0.195312 0.003125 0.015625 0.178750 0.042969 0.179375 0.132812 0.231250 0.101562 0.176250 0.140625 0.160000 0.382812 0.139375 0.375000 0.145000 0.312500 0.129375 0.238281 0.108125 0.277344
3 0.823750 0.253906 0.823125 0.343750 0.828125 0.417969 0.828125 0.492188 0.823750 0.496094 0.825000 0.546875 0.815625 0.582032 0.810000 0.578125 0.806250 0.562500 0.805000 0.488282 0.785000 0.355469 0.785000 0.328125 0.795625 0.328125 0.805000 0.285156
