3 0.741488 0.682156 0.779613 0.705594 0.786488 0.748563 0.791488 0.850125 0.785238 0.928250 0.743363 0.936063
3 0.668988 0.674344 0.674613 0.627469 0.690238 0.658719 0.698363 0.658719 0.707113 0.635282 0.731488 0.650906 0.735863 0.709500 0.733363 0.736844 0.724613 0.756375 0.702738 0.772000 0.697738 0.764188 0.693988 0.725125 0.674613 0.713406
3 0.561488 0.639188 0.579613 0.561063 0.607738 0.537625 0.630863 0.561063 0.634613 0.732938 0.623988 0.764188 0.668988 0.893094 0.670863 0.932156 0.557113 0.936063
3 0.780863 0.412625 0.781488 0.627469 0.785863 0.654813 0.784613 0.686063 0.763363 0.647000 0.748363 0.647000 0.744613 0.604032 0.745238 0.564969 0.752738 0.482938 0.758363 0.475125 0.766488 0.502469 0.772113 0.404813
3 0.667738 0.389188 0.668988 0.518094 0.662113 0.541532 0.652738 0.525906 0.644613 0.494656 0.639613 0.436063 0.645238 0.432156 0.660863 0.377469 0.664613 0.377469
3 0.692738 0.178250 0.703988 0.244656 0.714613 0.186063 0.738363 0.295438 0.754613 0.217313 0.767113 0.221219 0.768363 0.373563 0.729613 0.443875 0.742113 0.510282 0.737738 0.631375 0.672113 0.588406 0.673988 0.525906 0.709613 0.482938 0.690863 0.428250 0.676488 0.447782 0.673988 0.326688 0.688363 0.264188
3 0.794613 0.154813 0.799613 0.189969 0.801488 0.361844 0.813988 0.572782 0.800238 0.615750 0.786488 0.615750 0.784613 0.436063 0.789613 0.264188 0.777113 0.283719 0.786488 0.186063
3 0.767738 0.000000 0.767113 0.119656 0.764613 0.150906 0.753363 0.189969 0.743363 0.174344 0.743363 0.131375 0.736488 0.111844 0.736488 0.080594 0.745238 0.064969 0.748988 0.018094 0.748988 0.000000
3 0.437738 0.447781 0.475863 0.471219 0.482738 0.514188 0.487738 0.615750 0.481488 0.693875 0.439613 0.701688
3 0.597738 0.502469 0.602738 0.537625 0.604613 0.709500 0.617113 0.920438 0.603363 0.963406 0.589613 0.963406 0.587738 0.783719 0.592738 0.611844 0.580238 0.631375 0.589613 0.533719
