3 0.247709 0.768680 0.209584 0.792118 0.202709 0.835087 0.197709 0.936649 0.203959 1.000000 0.245834 1.000000
3 0.320209 0.760868 0.314584 0.713993 0.298959 0.745243 0.290834 0.745243 0.282084 0.721806 0.257709 0.737430 0.253334 0.796024 0.255834 0.823368 0.264584 0.842899 0.286459 0.858524 0.291459 0.850712 0.295209 0.811649 0.314584 0.799930
3 0.427709 0.725712 0.409584 0.647587 0.381459 0.624149 0.358334 0.647587 0.354584 0.819462 0.365209 0.850712 0.320209 0.979618 0.318334 1.000000 0.432084 1.000000
3 0.208334 0.499149 0.207709 0.713993 0.203334 0.741337 0.204584 0.772587 0.225834 0.733524 0.240834 0.733524 0.244584 0.690556 0.243959 0.651493 0.236459 0.569462 0.230834 0.561649 0.222709 0.588993 0.217084 0.491337
3 0.321459 0.475712 0.320209 0.604618 0.327084 0.628056 0.336459 0.612430 0.344584 0.581180 0.349584 0.522587 0.343959 0.518680 0.328334 0.463993 0.324584 0.463993
3 0.296459 0.264774 0.285209 0.331180 0.274584 0.272587 0.250834 0.381962 0.234584 0.303837 0.222084 0.307743 0.220834 0.460087 0.259584 0.530399 0.247084 0.596806 0.251459 0.717899 0.317084 0.674930 0.315209 0.612430 0.279584 0.569462 0.298334 0.514774 0.312709 0.534306 0.315209 0.413212 0.300834 0.350712
3 0.194584 0.241337 0.189584 0.276493 0.187709 0.448368 0.175209 0.659306 0.188959 0.702274 0.202709 0.702274 0.204584 0.522587 0.199584 0.350712 0.212084 0.370243 0.202709 0.272587
3 0.221459 0.061649 0.222084 0.206180 0.224584 0.237430 0.235834 0.276493 0.245834 0.260868 0.245834 0.217899 0.252709 0.198368 0.252709 0.167118 0.243959 0.151493 0.240209 0.104618 0.240209 0.061649
3 0.637084 0.280399 0.625834 0.346805 0.615209 0.288212 0.591459 0.397587 0.575209 0.319462 0.562709 0.323368 0.561459 0.475712 0.600209 0.546024 0.587709 0.612431 0.592084 0.733524 0.657709 0.690555 0.655834 0.628055 0.620209 0.585087 0.638959 0.530399 0.653334 0.549931 0.655834 0.428837 0.641459 0.366337
3 0.875834 0.194462 0.864584 0.260868 0.853959 0.202275 0.830209 0.311650 0.813959 0.233525 0.801459 0.237431 0.800209 0.389775 0.838959 0.460087 0.826459 0.526494 0.830834 0.647587 0.896459 0.604618 0.894584 0.542118 0.858959 0.499150 0.877709 0.444462 0.892084 0.463994 0.894584 0.342900 0.880209 0.280400
