3 0.671757 0.866107 0.671757 0.893451 0.691756 0.963763 0.702381 0.948139 0.699256 0.912982 0.673006 0.858295
3 0.734881 0.842670 0.739257 0.881732 0.762381 0.955951 0.766131 0.959857 0.765507 0.909076 0.754882 0.897357 0.745506 0.850482
3 0.689882 0.760639 0.688631 0.815326 0.724257 0.916889 0.731131 0.909076 0.726757 0.846576 0.722381 0.827045 0.704256 0.819232
3 0.026132 0.760639 0.021132 0.823139 0.024257 0.901263 0.019882 0.952045 0.023007 0.998920 0.028632 1.000000 0.030507 0.979389 0.041757 0.979389 0.043632 0.932513 0.036757 0.819232
3 0.705507 0.362201 0.696131 0.334857 0.654256 0.455951 0.623006 0.428607 0.593006 0.479389 0.566131 0.432513 0.556756 0.471576 0.559882 0.534076 0.591132 0.549701 0.631756 0.498920 0.666757 0.659076 0.689882 0.698139 0.683631 0.612201 0.651756 0.530170 0.661757 0.495013 0.694881 0.514545 0.703631 0.467670
3 0.853006 0.284076 0.852381 0.416889 0.848632 0.428607 0.871756 0.459857 0.878631 0.487201 0.888007 0.483295 0.884256 0.268451 0.864882 0.248920
3 0.379882 0.209857 0.372382 0.116107 0.346757 0.162982 0.328007 0.108295 0.292382 0.143451 0.288632 0.198139 0.268007 0.221576 0.265507 0.276263 0.293007 0.377826 0.303632 0.334857 0.325507 0.323139 0.329257 0.264545 0.362382 0.268451 0.368632 0.241107 0.377382 0.248920
3 0.372382 0.045795 0.378632 0.127826 0.393632 0.100482 0.408632 0.190326 0.422382 0.045795 0.435507 0.202045 0.473007 0.178607 0.576131 0.420795 0.659881 0.397357 0.659256 0.034076
3 0.133007 0.030170 0.126757 0.319232 0.166757 0.276263 0.163007 0.362201 0.168632 0.432513 0.191757 0.483295 0.214256 0.463763 0.229257 0.409076 0.238007 0.069232 0.225507 0.037982
3 0.134881 0.643452 0.139257 0.682514 0.162382 0.756733 0.166131 0.760639 0.165507 0.709858 0.154882 0.698139 0.145506 0.651264
