3 0.698750 0.847656 0.698750 0.875000 0.718750 0.945312 0.729375 0.929688 0.726250 0.894531 0.700000 0.839844
3 0.761875 0.824219 0.766250 0.863281 0.789375 0.937500 0.793125 0.941406 0.792500 0.890625 0.781875 0.878906 0.772500 0.832031
3 0.716875 0.742188 0.715625 0.796875 0.751250 0.898438 0.758125 0.890625 0.753750 0.828125 0.749375 0.808594 0.731250 0.800781
3 0.053125 0.742188 0.048125 0.804688 0.051250 0.882812 0.046875 0.933594 0.050000 0.980469 0.055625 0.984375 0.057500 0.960938 0.068750 0.960938 0.070625 0.914062 0.063750 0.800781
3 0.732500 0.343750 0.723125 0.316406 0.681250 0.437500 0.650000 0.410156 0.620000 0.460938 0.593125 0.414062 0.583750 0.453125 0.586875 0.515625 0.618125 0.531250 0.658750 0.480469 0.693750 0.640625 0.716875 0.679688 0.710625 0.593750 0.678750 0.511719 0.688750 0.476562 0.721875 0.496094 0.730625 0.449219
3 0.880000 0.265625 0.879375 0.398438 0.875625 0.410156 0.898750 0.441406 0.905625 0.468750 0.915000 0.464844 0.911250 0.250000 0.891875 0.230469
3 0.406875 0.191406 0.399375 0.097656 0.373750 0.144531 0.355000 0.089844 0.319375 0.125000 0.315625 0.179688 0.295000 0.203125 0.292500 0.257812 0.320000 0.359375 0.330625 0.316406 0.352500 0.304688 0.356250 0.246094 0.389375 0.250000 0.395625 0.222656 0.404375 0.230469
3 0.399375 0.027344 0.405625 0.109375 0.420625 0.082031 0.435625 0.171875 0.449375 0.027344 0.462500 0.183594 0.500000 0.160156 0.603125 0.402344 0.686875 0.378906 0.686250 0.015625
3 0.160000 0.011719 0.153750 0.300781 0.193750 0.257812 0.190000 0.343750 0.195625 0.414062 0.218750 0.464844 0.241250 0.445312 0.256250 0.390625 0.265000 0.050781 0.252500 0.019531
3 0.872500 0.125000 0.865000 0.031250 0.839375 0.078125 0.820625 0.023438 0.785000 0.058594 0.781250 0.113282 0.760625 0.136719 0.758125 0.191406 0.785625 0.292969 0.796250 0.250000 0.818125 0.238282 0.821875 0.179688 0.855000 0.183594 0.861250 0.156250 0.870000 0.164063
