2 0.521875 0.734375 0.513750 0.750000 0.515000 0.785156 0.518125 0.792969 0.518750 0.789062 0.520000 0.789062 0.522500 0.781250 0.522500 0.753906 0.521875 0.750000
2 0.510625 0.734375 0.510625 0.753906 0.510000 0.757812 0.510000 0.785156 0.510625 0.789062 0.510625 0.804688 0.511250 0.804688 0.511875 0.800781 0.511875 0.781250 0.512500 0.777344 0.512500 0.765625 0.511875 0.761719 0.511875 0.753906 0.511250 0.750000 0.511250 0.742188 0.510625 0.738281
2 0.492500 0.734375 0.492500 0.738281 0.491875 0.742188 0.491875 0.750000 0.491250 0.753906 0.491250 0.765625 0.490625 0.769531 0.490625 0.777344 0.491250 0.781250 0.491250 0.792969 0.491875 0.796875 0.491875 0.804688 0.492500 0.808594 0.492500 0.812500 0.492500 0.792969 0.493125 0.789062 0.493125 0.753906 0.492500 0.750000
2 0.435000 0.742188 0.434375 0.808594 0.440000 0.820312 0.478125 0.816406 0.476875 0.718750 0.468125 0.730469 0.443125 0.718750
2 0.643750 0.707031 0.645625 0.761719 0.651250 0.769531 0.652500 0.738281 0.650000 0.707031
2 0.665000 0.699219 0.661875 0.734375 0.663750 0.769531 0.668125 0.765625 0.668125 0.730469
2 0.627500 0.695312 0.625625 0.718750 0.625625 0.726562 0.629375 0.769531 0.632500 0.730469 0.631875 0.726562 0.631875 0.718750 0.631250 0.714844 0.630625 0.699219
2 0.592500 0.687500 0.587500 0.718750 0.594375 0.769531 0.599375 0.734375 0.599375 0.699219
2 0.579375 0.675781 0.578750 0.679688 0.576875 0.679688 0.576875 0.687500 0.577500 0.691406 0.577500 0.710938 0.578125 0.714844 0.578125 0.722656 0.580625 0.746094 0.583750 0.695312 0.581250 0.675781
2 0.084375 0.652344 0.084375 0.867188 0.085625 0.867188 0.086875 0.820312 0.086875 0.683594
2 0.558125 0.644531 0.556875 0.671875 0.556250 0.722656 0.561875 0.742188 0.565000 0.707031 0.565000 0.683594 0.563750 0.683594 0.561875 0.675781 0.561875 0.644531
2 0.538125 0.640625 0.536250 0.660156 0.536250 0.667969 0.538125 0.687500 0.538125 0.695312 0.540000 0.718750 0.543125 0.710938 0.543750 0.664062 0.543125 0.660156 0.543125 0.652344
2 0.513125 0.625000 0.510000 0.648438 0.510625 0.656250 0.510625 0.664062 0.511875 0.675781 0.511875 0.683594 0.512500 0.691406 0.515000 0.691406 0.515625 0.687500 0.517500 0.687500
2 0.488125 0.601562 0.486250 0.617188 0.486875 0.683594 0.488125 0.695312 0.491250 0.703125 0.495625 0.667969 0.493750 0.632812 0.489375 0.601562
2 0.046875 0.605469 0.044375 0.851562 0.047500 0.894531 0.058125 0.960938 0.065000 0.882812 0.069375 0.964844 0.073125 0.902344 0.081250 0.996094 0.083125 0.804688 0.080000 0.625000 0.067500 0.570312 0.061250 0.640625
2 0.620625 0.160156 0.620000 0.179688 0.618750 0.191406 0.618750 0.203125 0.622500 0.230469 0.626875 0.199219
2 0.632500 0.117188 0.627500 0.117188 0.623750 0.140625 0.627500 0.167969 0.632500 0.144531
2 0.035625 0.023438 0.034375 0.199219 0.038750 0.246094 0.040625 0.234375 0.040625 0.179688 0.042500 0.218750 0.043750 0.210938 0.043750 0.152344 0.048125 0.089844 0.045625 0.027344
2 0.255000 0.011719 0.238750 0.015625 0.227500 0.492188 0.230625 0.675781 0.220625 0.835938 0.220625 0.992188 0.236875 0.972656 0.245625 0.867188 0.255625 0.300781
3 0.877500 0.781250 0.843125 0.500000 0.833750 0.500000 0.808750 0.320312 0.779375 0.523438 0.753750 0.968750 0.840625 0.996094 0.871875 0.878906
3 0.877500 0.636719 0.843125 0.355469 0.833750 0.355469 0.808750 0.175781 0.779375 0.378907 0.753750 0.824219 0.840625 0.851563 0.871875 0.734375
