2 0.478125 0.734375 0.486250 0.750000 0.485000 0.785156 0.481875 0.792969 0.481250 0.789062 0.480000 0.789062 0.477500 0.781250 0.477500 0.753906 0.478125 0.750000
2 0.489375 0.734375 0.489375 0.753906 0.490000 0.757812 0.490000 0.785156 0.489375 0.789062 0.489375 0.804688 0.488750 0.804688 0.488125 0.800781 0.488125 0.781250 0.487500 0.777344 0.487500 0.765625 0.488125 0.761719 0.488125 0.753906 0.488750 0.750000 0.488750 0.742188 0.489375 0.738281
2 0.507500 0.734375 0.507500 0.738281 0.508125 0.742188 0.508125 0.750000 0.508750 0.753906 0.508750 0.765625 0.509375 0.769531 0.509375 0.777344 0.508750 0.781250 0.508750 0.792969 0.508125 0.796875 0.508125 0.804688 0.507500 0.808594 0.507500 0.812500 0.507500 0.792969 0.506875 0.789062 0.506875 0.753906 0.507500 0.750000
2 0.565000 0.742188 0.565625 0.808594 0.560000 0.820312 0.521875 0.816406 0.523125 0.718750 0.531875 0.730469 0.556875 0.718750
2 0.356250 0.707031 0.354375 0.761719 0.348750 0.769531 0.347500 0.738281 0.350000 0.707031
2 0.335000 0.699219 0.338125 0.734375 0.336250 0.769531 0.331875 0.765625 0.331875 0.730469
2 0.372500 0.695312 0.374375 0.718750 0.374375 0.726562 0.370625 0.769531 0.367500 0.730469 0.368125 0.726562 0.368125 0.718750 0.368750 0.714844 0.369375 0.699219
2 0.407500 0.687500 0.412500 0.718750 0.405625 0.769531 0.400625 0.734375 0.400625 0.699219
2 0.420625 0.675781 0.421250 0.679688 0.423125 0.679688 0.423125 0.687500 0.422500 0.691406 0.422500 0.710938 0.421875 0.714844 0.421875 0.722656 0.419375 0.746094 0.416250 0.695312 0.418750 0.675781
2 0.915625 0.652344 0.915625 0.867188 0.914375 0.867188 0.913125 0.820312 0.913125 0.683594
2 0.441875 0.644531 0.443125 0.671875 0.443750 0.722656 0.438125 0.742188 0.435000 0.707031 0.435000 0.683594 0.436250 0.683594 0.438125 0.675781 0.438125 0.644531
2 0.461875 0.640625 0.463750 0.660156 0.463750 0.667969 0.461875 0.687500 0.461875 0.695312 0.460000 0.718750 0.456875 0.710938 0.456250 0.664062 0.456875 0.660156 0.456875 0.652344
2 0.486875 0.625000 0.490000 0.648438 0.489375 0.656250 0.489375 0.664062 0.488125 0.675781 0.488125 0.683594 0.487500 0.691406 0.485000 0.691406 0.484375 0.687500 0.482500 0.687500
2 0.511875 0.601562 0.513750 0.617188 0.513125 0.683594 0.511875 0.695312 0.508750 0.703125 0.504375 0.667969 0.506250 0.632812 0.510625 0.601562
2 0.953125 0.605469 0.955625 0.851562 0.952500 0.894531 0.941875 0.960938 0.935000 0.882812 0.930625 0.964844 0.926875 0.902344 0.918750 0.996094 0.916875 0.804688 0.920000 0.625000 0.932500 0.570312 0.938750 0.640625
2 0.379375 0.160156 0.380000 0.179688 0.381250 0.191406 0.381250 0.203125 0.377500 0.230469 0.373125 0.199219
2 0.367500 0.117188 0.372500 0.117188 0.376250 0.140625 0.372500 0.167969 0.367500 0.144531
2 0.964375 0.023438 0.965625 0.199219 0.961250 0.246094 0.959375 0.234375 0.959375 0.179688 0.957500 0.218750 0.956250 0.210938 0.956250 0.152344 0.951875 0.089844 0.954375 0.027344
2 0.745000 0.011719 0.761250 0.015625 0.772500 0.492188 0.769375 0.675781 0.779375 0.835938 0.779375 0.992188 0.763125 0.972656 0.754375 0.867188 0.744375 0.300781
3 0.122500 0.781250 0.156875 0.500000 0.166250 0.500000 0.191250 0.320312 0.220625 0.523438 0.246250 0.968750 0.159375 0.996094 0.128125 0.878906
3 0.205000 0.527344 0.239375 0.246094 0.248750 0.246094 0.273750 0.066406 0.303125 0.269532 0.328750 0.714844 0.241875 0.742188 0.210625 0.625000
