2 0.834843 0.674152 0.835468 0.908527 0.832343 0.912434 0.831718 0.728840 0.832343 0.678058
2 0.474843 0.627277 0.475468 0.826496 0.474843 0.838215 0.472343 0.846027 0.472968 0.627277
2 0.576093 0.287434 0.576718 0.533527 0.573593 0.545246
2 0.000000 0.045246 0.000000 0.525715 0.000000 0.525715 0.000000 0.045246
2 0.191718 0.029621 0.189843 0.623371 0.187343 0.033527
2 0.571093 0.000000 0.572343 0.865558 0.564843 0.900715 0.564218 0.000000
2 0.063593 0.000000 0.061718 0.000000 0.063593 0.123371 0.058593 0.150715 0.056718 0.000000
2 0.821718 0.000000 0.820468 0.599934 0.816093 0.607746 0.814843 0.000000
2 0.181093 0.000000 0.181093 0.099934 0.176718 0.103840 0.177968 0.000000
2 0.799843 0.000000 0.799218 0.092121 0.795468 0.088215 0.797343 0.000000
3 0.367343 0.545246 0.383593 0.529621 0.391718 0.599934 0.400468 0.627277 0.412968 0.642902 0.414843 0.615558 0.419218 0.631184 0.419843 0.685871 0.407968 0.744465 0.389843 0.709308 0.380468 0.721027 0.374843 0.752277 0.366093 0.756184 0.364843 0.681965 0.382343 0.658527 0.369843 0.619465
3 0.112343 0.666340 0.128593 0.650715 0.136718 0.721028 0.145468 0.748371 0.157968 0.763996 0.159843 0.736652 0.164218 0.752278 0.164843 0.806965 0.152968 0.865559 0.134843 0.830402 0.125468 0.842121 0.119843 0.873371 0.111093 0.877278 0.109843 0.803059 0.127343 0.779621 0.114843 0.740559
3 0.914843 0.498371 0.931093 0.482746 0.939218 0.553059 0.947968 0.580402 0.960468 0.596027 0.962343 0.568683 0.966718 0.584309 0.967343 0.638996 0.955468 0.697590 0.937343 0.662433 0.927968 0.674152 0.922343 0.705402 0.913593 0.709309 0.912343 0.635090 0.929843 0.611652 0.917343 0.572590
