2 0.919636 0.824494 0.920261 1.000000 0.917136 1.000000 0.916511 0.879182 0.917136 0.828400
2 0.559636 0.777619 0.560261 0.976838 0.559636 0.988557 0.557136 0.996369 0.557761 0.777619
2 0.660886 0.437776 0.661511 0.683869 0.658386 0.695588
2 0.079011 0.195588 0.079011 0.676057 0.073386 0.676057 0.074636 0.195588
2 0.276511 0.179963 0.274636 0.773713 0.272136 0.183869
2 0.655886 0.097932 0.657136 1.000000 0.649636 1.000000 0.649011 0.101838
2 0.148386 0.090119 0.146511 0.113557 0.148386 0.273713 0.143386 0.301057 0.141511 0.094026
2 0.906511 0.082307 0.905261 0.750276 0.900886 0.758088 0.899636 0.078400
2 0.265886 0.074494 0.265886 0.250276 0.261511 0.254182 0.262761 0.078400
2 0.884636 0.074494 0.884011 0.242463 0.880261 0.238557 0.882136 0.074494
3 0.452136 0.695588 0.468386 0.679963 0.476511 0.750276 0.485261 0.777619 0.497761 0.793244 0.499636 0.765900 0.504011 0.781526 0.504636 0.836213 0.492761 0.894807 0.474636 0.859650 0.465261 0.871369 0.459636 0.902619 0.450886 0.906526 0.449636 0.832307 0.467136 0.808869 0.454636 0.769807
3 0.235886 0.476838 0.252136 0.461213 0.260261 0.531526 0.269011 0.558869 0.281511 0.574494 0.283386 0.547150 0.287761 0.562776 0.288386 0.617463 0.276511 0.676057 0.258386 0.640900 0.249011 0.652619 0.243386 0.683869 0.234636 0.687776 0.233386 0.613557 0.250886 0.590119 0.238386 0.551057
3 0.467136 0.469026 0.483386 0.453401 0.491511 0.523714 0.500261 0.551057 0.512761 0.566682 0.514636 0.539338 0.519011 0.554964 0.519636 0.609651 0.507761 0.668245 0.489636 0.633088 0.480261 0.644807 0.474636 0.676057 0.465886 0.679964 0.464636 0.605745 0.482136 0.582307 0.469636 0.543245
3 0.214636 0.129182 0.230886 0.113557 0.239011 0.183870 0.247761 0.211213 0.260261 0.226838 0.262136 0.199494 0.266511 0.215120 0.267136 0.269807 0.255261 0.328401 0.237136 0.293244 0.227761 0.304963 0.222136 0.336213 0.213386 0.340120 0.212136 0.265901 0.229636 0.242463 0.217136 0.203401
