2 0.264375 0.812500 0.263750 0.984375 0.268125 0.988281 0.267500 0.824219
2 0.576250 0.480469 0.575000 0.484375 0.575000 0.605469 0.576250 0.589844
2 0.158750 0.398438 0.159375 0.984375 0.163750 0.984375 0.163750 0.402344
2 0.295000 0.332031 0.290625 0.347656 0.289375 0.726562 0.293750 0.628906 0.296875 0.367188
2 0.343125 0.281250 0.341875 0.281250 0.341250 0.285156 0.340000 0.285156 0.338125 0.296875 0.338125 0.300781 0.338750 0.304688 0.338750 0.312500 0.339375 0.316406 0.340625 0.316406 0.341250 0.320312 0.342500 0.320312 0.342500 0.316406 0.343125 0.312500 0.343125 0.308594 0.344375 0.296875 0.344375 0.292969
2 0.296250 0.273438 0.295625 0.312500 0.299375 0.343750 0.298125 0.539062 0.333125 0.585938 0.337500 0.574219 0.336875 0.515625 0.329375 0.417969 0.328125 0.335938 0.305625 0.332031
2 0.851875 0.246094 0.849375 0.246094 0.850000 0.359375 0.852500 0.343750
2 0.351875 0.238281 0.346875 0.421875 0.348750 0.625000 0.356875 0.644531 0.365000 0.742188 0.366875 0.613281 0.362500 0.476562 0.362500 0.246094 0.356875 0.339844
2 0.824375 0.210938 0.816875 0.222656 0.817500 0.476562 0.819375 0.476562 0.821875 0.445312 0.821875 0.390625 0.829375 0.382812 0.833125 0.359375 0.833125 0.273438 0.831250 0.257812 0.826875 0.250000
2 0.306250 0.210938 0.306250 0.296875 0.308125 0.296875 0.308750 0.300781 0.308750 0.285156 0.308125 0.281250 0.308125 0.265625 0.307500 0.261719 0.307500 0.246094 0.306875 0.242188 0.306875 0.222656 0.306250 0.218750
2 0.785000 0.187500 0.784375 0.484375 0.786250 0.550781 0.788125 0.277344 0.786875 0.203125
2 0.306250 0.007812 0.306250 0.113281 0.310625 0.257812 0.309375 0.015625
3 0.620625 0.566406 0.691250 0.585938 0.620000 0.777344 0.621250 0.949219 0.744375 0.988281 0.728750 0.902344 0.643750 0.929688 0.620000 0.851562 0.673750 0.726562 0.725625 0.777344 0.723125 0.691406 0.698750 0.609375 0.685625 0.375000
3 0.633750 0.097656 0.641250 0.121094 0.635000 0.140625 0.647500 0.210938 0.665625 0.210938 0.668125 0.265625 0.685625 0.347656 0.695625 0.300781 0.694375 0.160156 0.668125 0.125000 0.656250 0.054688 0.643750 0.062500 0.643750 0.085938
3 0.620625 0.328125 0.628125 0.351563 0.621875 0.371094 0.634375 0.441407 0.652500 0.441407 0.655000 0.496094 0.672500 0.578125 0.682500 0.531250 0.681250 0.390625 0.655000 0.355469 0.643125 0.285157 0.630625 0.292969 0.630625 0.316407
