2 0.312492 0.881954 0.311867 1.000000 0.316242 1.000000 0.315617 0.893673
2 0.624367 0.549923 0.623117 0.553829 0.623117 0.674923 0.624367 0.659298
2 0.206867 0.467892 0.207492 1.000000 0.211867 1.000000 0.211867 0.471798
2 0.343117 0.401486 0.338742 0.417111 0.337492 0.796017 0.341867 0.698361 0.344992 0.436642
2 0.391242 0.350704 0.389992 0.350704 0.389367 0.354611 0.388117 0.354611 0.386242 0.366329 0.386242 0.370236 0.386867 0.374142 0.386867 0.381954 0.387492 0.385861 0.388742 0.385861 0.389367 0.389766 0.390617 0.389766 0.390617 0.385861 0.391242 0.381954 0.391242 0.378048 0.392492 0.366329 0.392492 0.362423
2 0.344367 0.342892 0.343742 0.381954 0.347492 0.413204 0.346242 0.608517 0.381242 0.655392 0.385617 0.643673 0.384992 0.585079 0.377492 0.487423 0.376242 0.405392 0.353742 0.401486
2 0.899992 0.315548 0.897492 0.315548 0.898117 0.428829 0.900617 0.413204
2 0.399992 0.307735 0.394992 0.491329 0.396867 0.694454 0.404992 0.713986 0.413117 0.811642 0.414992 0.682736 0.410617 0.546016 0.410617 0.315548 0.404992 0.409298
2 0.872492 0.280392 0.864992 0.292110 0.865617 0.546016 0.867492 0.546016 0.869992 0.514766 0.869992 0.460079 0.877492 0.452266 0.881242 0.428829 0.881242 0.342892 0.879367 0.327266 0.874992 0.319454
2 0.354367 0.280392 0.354367 0.366329 0.356242 0.366329 0.356867 0.370236 0.356867 0.354611 0.356242 0.350704 0.356242 0.335079 0.355617 0.331173 0.355617 0.315548 0.354992 0.311642 0.354992 0.292110 0.354367 0.288204
2 0.833117 0.256954 0.832492 0.553829 0.834367 0.620236 0.836242 0.346798 0.834992 0.272579
2 0.354367 0.077266 0.354367 0.182735 0.358742 0.327266 0.357492 0.085079
3 0.668742 0.635861 0.739367 0.655392 0.668117 0.846798 0.669367 1.000000 0.792492 1.000000 0.776867 0.971798 0.691867 0.999142 0.668117 0.921017 0.721867 0.796017 0.773742 0.846798 0.771242 0.760861 0.746867 0.678829 0.733742 0.444454
3 0.681867 0.167110 0.689367 0.190548 0.683117 0.210079 0.695617 0.280392 0.713742 0.280392 0.716242 0.335079 0.733742 0.417111 0.743742 0.370236 0.742492 0.229610 0.716242 0.194454 0.704367 0.124142 0.691867 0.131954 0.691867 0.155392
3 0.378117 0.237423 0.385617 0.260861 0.379367 0.280392 0.391867 0.350705 0.409992 0.350705 0.412492 0.405392 0.429992 0.487423 0.439992 0.440548 0.438742 0.299923 0.412492 0.264767 0.400617 0.194455 0.388117 0.202267 0.388117 0.225705
