2 0.791250 0.894531 0.788750 0.886719 0.787500 0.886719 0.785625 0.894531 0.782500 0.898438 0.780000 0.906250 0.780000 0.910156 0.780625 0.914062 0.780625 0.921875 0.781250 0.929688 0.781875 0.929688 0.783125 0.921875 0.791250 0.898438
2 0.274375 0.679688 0.270625 0.675781 0.260000 0.722656 0.258750 0.750000
2 0.298750 0.648438 0.253750 0.851562 0.254375 0.882812 0.263750 0.843750 0.266250 0.851562 0.301250 0.718750
2 0.853750 0.644531 0.853125 0.644531 0.850000 0.660156 0.850000 0.695312 0.852500 0.726562 0.855000 0.722656
2 0.125000 0.601562 0.116250 0.636719 0.115000 0.644531 0.113750 0.660156 0.113750 0.671875 0.114375 0.671875
2 0.496875 0.414062 0.496875 0.421875 0.496250 0.425781 0.496250 0.433594 0.496875 0.437500 0.497500 0.437500 0.498750 0.445312 0.499375 0.441406 0.499375 0.437500 0.500000 0.433594 0.500000 0.429688 0.500625 0.425781 0.500000 0.421875 0.499375 0.421875 0.498750 0.417969 0.498125 0.417969 0.497500 0.414062
2 0.132500 0.402344 0.113125 0.500000 0.103750 0.589844 0.120000 0.492188
2 0.994375 0.394531 0.991250 0.351562 0.980625 0.351562 0.978125 0.378906 0.973750 0.363281 0.950000 0.371094 0.938125 0.406250 0.933750 0.437500 0.958125 0.476562 0.992500 0.414062
2 0.530000 0.273438 0.525000 0.289062 0.525000 0.371094 0.521250 0.417969 0.528750 0.441406 0.538125 0.441406 0.540000 0.382812 0.533750 0.371094 0.531875 0.359375 0.531875 0.300781
2 0.125625 0.234375 0.097500 0.390625 0.081250 0.511719
2 0.117500 0.117188 0.098125 0.222656 0.095625 0.250000 0.095625 0.261719 0.098750 0.253906
2 0.113125 0.031250 0.103125 0.078125 0.095000 0.148438 0.104375 0.097656
3 0.252500 0.023438 0.252500 0.066406 0.273125 0.289062 0.286250 0.363281 0.303125 0.402344 0.308125 0.367188 0.308750 0.296875 0.300625 0.273438 0.295625 0.300781 0.289375 0.281250 0.290000 0.226562 0.280625 0.175781 0.285000 0.152344 0.276250 0.097656 0.286875 0.093750 0.290000 0.046875 0.267500 0.050781 0.256875 0.011719
