2 0.136810 0.924519 0.139310 0.916707 0.140560 0.916707 0.142435 0.924519 0.145560 0.928426 0.148060 0.936238 0.148060 0.940144 0.147435 0.944050 0.147435 0.951863 0.146810 0.959676 0.146185 0.959676 0.144935 0.951863 0.136810 0.928426
2 0.653685 0.709676 0.657435 0.705769 0.668060 0.752644 0.669310 0.779988
2 0.629310 0.678426 0.674310 0.881550 0.673685 0.912800 0.664310 0.873738 0.661810 0.881550 0.626810 0.748738
2 0.074310 0.674519 0.074935 0.674519 0.078060 0.690144 0.078060 0.725300 0.075560 0.756550 0.073060 0.752644
2 0.803060 0.631550 0.811810 0.666707 0.813060 0.674519 0.814310 0.690144 0.814310 0.701863 0.813685 0.701863
2 0.431185 0.444050 0.431185 0.451863 0.431810 0.455769 0.431810 0.463582 0.431185 0.467488 0.430560 0.467488 0.429310 0.475300 0.428685 0.471394 0.428685 0.467488 0.428060 0.463582 0.428060 0.459676 0.427435 0.455769 0.428060 0.451863 0.428685 0.451863 0.429310 0.447957 0.429935 0.447957 0.430560 0.444050
2 0.795560 0.432332 0.814935 0.529988 0.824310 0.619832 0.808060 0.522176
2 0.000000 0.424519 0.000000 0.381550 0.000000 0.381550 0.000000 0.408894 0.000000 0.393269 0.000000 0.401082 0.000000 0.436238 0.000000 0.467488 0.000000 0.506550 0.000000 0.444050
2 0.398060 0.303426 0.403060 0.319050 0.403060 0.401082 0.406810 0.447957 0.399310 0.471394 0.389935 0.471394 0.388060 0.412800 0.394310 0.401082 0.396185 0.389363 0.396185 0.330769
2 0.802435 0.264363 0.830560 0.420613 0.846810 0.541707
2 0.810560 0.147176 0.829935 0.252644 0.832435 0.279988 0.832435 0.291707 0.829310 0.283894
2 0.814935 0.061238 0.824935 0.108113 0.833060 0.178426 0.823685 0.127644
3 0.675560 0.053426 0.675560 0.096394 0.654935 0.319050 0.641810 0.393269 0.624935 0.432332 0.619935 0.397176 0.619310 0.326863 0.627435 0.303426 0.632435 0.330769 0.638685 0.311238 0.638060 0.256550 0.647435 0.205769 0.643060 0.182332 0.651810 0.127644 0.641185 0.123738 0.638060 0.076863 0.660560 0.080769 0.671185 0.041707
