2 0.331875 0.839844 0.301875 0.875000 0.294375 0.851562 0.274375 0.882812 0.266875 0.875000 0.258750 0.941406 0.261875 0.984375 0.265625 0.996094 0.302500 0.996094 0.308125 0.957031 0.320000 0.917969
2 0.432500 0.851562 0.428750 0.828125 0.410625 0.832031 0.388750 0.898438 0.393125 0.957031 0.396875 0.945312 0.407500 0.945312 0.427500 0.902344
2 0.539375 0.792969 0.531250 0.781250 0.493125 0.847656 0.495000 0.933594 0.528750 0.886719 0.541250 0.851562
2 0.694375 0.738281 0.645625 0.828125 0.648125 0.968750 0.689375 0.851562
2 0.110625 0.316406 0.100625 0.292969 0.085625 0.300781 0.080000 0.328125 0.085625 0.402344 0.103750 0.355469
2 0.271250 0.000000 0.277500 0.003906 0.276875 0.320312 0.288750 0.320312 0.288750 0.003906 0.301875 0.000000
3 0.598125 0.031250 0.594375 0.054688 0.588125 0.066406 0.590625 0.250000 0.608750 0.304688 0.615625 0.289062 0.620000 0.246094 0.614375 0.148438 0.618750 0.085938 0.616250 0.054688
3 0.644375 0.015625 0.635000 0.046875 0.626875 0.359375 0.633750 0.472656 0.643125 0.507812 0.675625 0.515625 0.683750 0.406250 0.685625 0.273438 0.696875 0.140625 0.684375 0.128906 0.685625 0.023438
3 0.933750 0.003906 0.741250 0.007812 0.714375 0.105469 0.706875 0.292969 0.802500 0.445312 0.791250 0.582031 0.815625 0.699219 0.728125 0.714844 0.730000 0.949219 0.825625 0.871094 0.920625 0.968750 0.893125 0.792969 0.906250 0.628906 0.939375 0.617188 0.923125 0.527344 0.933750 0.308594 0.910625 0.175781
3 0.314375 0.015625 0.305000 0.046875 0.296875 0.359375 0.303750 0.472656 0.313125 0.507812 0.345625 0.515625 0.353750 0.406250 0.355625 0.273438 0.366875 0.140625 0.354375 0.128906 0.355625 0.023438
