2 0.375988 0.915886 0.345988 0.951042 0.338488 0.927604 0.318488 0.958854 0.310988 0.951042 0.302863 1.000000 0.305988 1.000000 0.309738 1.000000 0.346613 1.000000 0.352238 1.000000 0.364113 0.994011
2 0.476613 0.927604 0.472863 0.904167 0.454738 0.908073 0.432863 0.974480 0.437238 1.000000 0.440988 1.000000 0.451613 1.000000 0.471613 0.978386
2 0.583488 0.869011 0.575363 0.857292 0.537238 0.923698 0.539113 1.000000 0.572863 0.962761 0.585363 0.927604
2 0.738488 0.814323 0.689738 0.904167 0.692238 1.000000 0.733488 0.927604
2 0.154738 0.392448 0.144738 0.369011 0.129738 0.376823 0.124113 0.404167 0.129738 0.478386 0.147863 0.431511
2 0.315363 0.076042 0.321613 0.079948 0.320988 0.396354 0.332863 0.396354 0.332863 0.079948 0.345988 0.076042
3 0.642238 0.107292 0.638488 0.130730 0.632238 0.142448 0.634738 0.326042 0.652863 0.380730 0.659738 0.365104 0.664113 0.322136 0.658488 0.224480 0.662863 0.161980 0.660363 0.130730
3 0.688488 0.091667 0.679113 0.122917 0.670988 0.435417 0.677863 0.548698 0.687238 0.583854 0.719738 0.591667 0.727863 0.482292 0.729738 0.349480 0.740988 0.216667 0.728488 0.204948 0.729738 0.099480
3 0.977863 0.079948 0.785363 0.083854 0.758488 0.181511 0.750988 0.369011 0.846613 0.521354 0.835363 0.658073 0.859738 0.775261 0.772238 0.790886 0.774113 1.000000 0.869738 0.947136 0.964738 1.000000 0.937238 0.869011 0.950363 0.704948 0.983488 0.693230 0.967238 0.603386 0.977863 0.384636 0.954738 0.251823
3 0.905988 0.329949 0.896613 0.361199 0.888488 0.673699 0.895363 0.786980 0.904738 0.822136 0.937238 0.829949 0.945363 0.720574 0.947238 0.587762 0.958488 0.454949 0.945988 0.443230 0.947238 0.337762
3 0.389113 0.478386 0.385363 0.501824 0.379113 0.513542 0.381613 0.697136 0.399738 0.751824 0.406613 0.736198 0.410988 0.693230 0.405363 0.595574 0.409738 0.533074 0.407238 0.501824
3 0.354113 0.326042 0.344738 0.357292 0.336613 0.669792 0.343488 0.783073 0.352863 0.818229 0.385363 0.826042 0.393488 0.716667 0.395363 0.583855 0.406613 0.451042 0.394113 0.439323 0.395363 0.333855
