2 0.897854 0.249788 0.897854 0.284945 0.899729 0.296663 0.899729 0.288851 0.900354 0.284945 0.900354 0.273226 0.900979 0.269319 0.900979 0.261507 0.900354 0.257601 0.899729 0.257601
2 0.499729 0.179476 0.501604 0.906038 0.504729 0.812288
2 0.896604 0.058382 0.895979 0.222445 0.900979 0.136507
2 0.807854 0.011507 0.817854 0.960726 0.824729 0.960726 0.820354 0.031038
2 0.459729 0.011507 0.462229 0.366976 0.464104 0.370882 0.463479 0.015413
2 0.767229 0.007601 0.775354 0.835726 0.770979 0.007601
2 0.754729 0.003695 0.757229 0.277132 0.759729 0.296663 0.759104 0.007601
2 0.745979 0.003695 0.747229 0.171663 0.750979 0.292757 0.749104 0.003695
2 0.297854 0.000000 0.301604 0.394319 0.300979 0.000000
3 0.442854 0.870882 0.449104 0.933382 0.460979 0.925569 0.469104 0.898226 0.481604 0.945101 0.474104 0.964632 0.497854 0.964632 0.476604 0.726351 0.469104 0.722445 0.459104 0.749788 0.455354 0.812288 0.446604 0.827913
3 0.295979 0.847444 0.302229 0.909944 0.314104 0.902131 0.322229 0.874788 0.334729 0.921663 0.327229 0.941194 0.350979 0.941194 0.329729 0.702913 0.322229 0.699007 0.312229 0.726350 0.308479 0.788850 0.299729 0.804475
3 0.421604 0.616975 0.427854 0.679475 0.439729 0.671662 0.447854 0.644319 0.460354 0.691194 0.452854 0.710725 0.476604 0.710725 0.455354 0.472444 0.447854 0.468538 0.437854 0.495881 0.434104 0.558381 0.425354 0.574006
3 0.337854 0.550569 0.344104 0.613069 0.355979 0.605256 0.364104 0.577913 0.376604 0.624788 0.369104 0.644319 0.392854 0.644319 0.371604 0.406038 0.364104 0.402132 0.354104 0.429475 0.350354 0.491975 0.341604 0.507600
