2 0.133125 0.269531 0.133125 0.304688 0.131250 0.316406 0.131250 0.308594 0.130625 0.304688 0.130625 0.292969 0.130000 0.289062 0.130000 0.281250 0.130625 0.277344 0.131250 0.277344
2 0.531250 0.199219 0.529375 0.925781 0.526250 0.832031
2 0.134375 0.078125 0.135000 0.242188 0.130000 0.156250
2 0.223125 0.031250 0.213125 0.980469 0.206250 0.980469 0.210625 0.050781
2 0.571250 0.031250 0.568750 0.386719 0.566875 0.390625 0.567500 0.035156
2 0.263750 0.027344 0.255625 0.855469 0.260000 0.027344
2 0.276250 0.023438 0.273750 0.296875 0.271250 0.316406 0.271875 0.027344
2 0.285000 0.023438 0.283750 0.191406 0.280000 0.312500 0.281875 0.023438
2 0.733125 0.011719 0.729375 0.414062 0.730000 0.015625
3 0.588125 0.890625 0.581875 0.953125 0.570000 0.945312 0.561875 0.917969 0.549375 0.964844 0.556875 0.984375 0.533125 0.984375 0.554375 0.746094 0.561875 0.742188 0.571875 0.769531 0.575625 0.832031 0.584375 0.847656
3 0.538750 0.878906 0.532500 0.941406 0.520625 0.933593 0.512500 0.906250 0.500000 0.953125 0.507500 0.972656 0.483750 0.972656 0.505000 0.734375 0.512500 0.730469 0.522500 0.757812 0.526250 0.820312 0.535000 0.835937
