3 0.663580 0.940675 0.664830 0.928956 0.671080 0.928956 0.694205 0.987550 0.689830 1.000000 0.684205 1.000000 0.672330 1.000000 0.667330 1.000000 0.662955 0.975831
3 0.979205 0.948487 0.984205 0.925050 0.989830 0.928956 0.994830 0.968018 0.998580 1.000000 0.979205 1.000000 0.977955 1.000000 0.977330 0.971925
3 0.939205 0.694581 0.947955 0.729737 0.952330 1.000000 0.915455 1.000000 0.912330 0.960206 0.897955 0.858644 0.899205 0.796144 0.921080 0.757081
3 0.143580 0.565675 0.150455 0.600831 0.156705 0.690675 0.165455 0.616456 0.169205 0.639894 0.166705 0.925050 0.160455 0.999268 0.147330 0.991456 0.142955 0.971925 0.139205 0.593018
3 0.913580 0.499268 0.907330 0.550050 0.907330 0.593018 0.891080 0.612550 0.873580 0.565675 0.854205 0.678956 0.841705 0.643800 0.837955 0.491456 0.832330 0.421144 0.839830 0.374268 0.880455 0.307862 0.892330 0.350831 0.899830 0.432862
3 0.150455 0.260987 0.153580 0.300050 0.151080 0.374268 0.148580 0.401612 0.149830 0.444581 0.144205 0.471925 0.139830 0.471925 0.134830 0.452394 0.131080 0.413331 0.134205 0.343018 0.141705 0.276612
3 0.105455 0.253175 0.107955 0.249268 0.126080 0.311768 0.124205 0.354737 0.119205 0.389894 0.115455 0.389894 0.106080 0.362550 0.103580 0.331300
3 0.295455 0.202394 0.302330 0.163331 0.346705 0.210206 0.344830 0.307862 0.337955 0.339112 0.323580 0.366456 0.309830 0.350831 0.307330 0.327394 0.307955 0.292237 0.305455 0.280518 0.295455 0.331300 0.292330 0.303956
3 0.073580 0.143800 0.081080 1.000000 0.052330 1.000000 0.052330 0.534425 0.066705 0.186768
3 0.667330 0.096925 0.669830 0.096925 0.675455 0.120362 0.678580 0.155518 0.676080 0.178956 0.672330 0.245362 0.664830 0.221925 0.666705 0.159425 0.665455 0.147706 0.659830 0.135987 0.659830 0.120362 0.661080 0.112550
3 0.699205 0.100831 0.702330 0.643800 0.696080 0.706300 0.707330 0.800050 0.705455 0.925050 0.691080 0.928956 0.679205 0.874268 0.658580 0.936768 0.652955 0.897706 0.653580 0.776612 0.660455 0.678956 0.677330 0.690675 0.672955 0.479737 0.689830 0.385987 0.689830 0.108644
3 0.445455 0.194581 0.445455 0.069581 0.651705 0.077394 0.637955 0.175050 0.612955 0.190675 0.602330 0.151612 0.589830 0.237550 0.572330 0.210206 0.524205 0.284425 0.499830 0.249268 0.457330 0.280518
3 0.157330 0.186768 0.152955 0.229737 0.144205 0.202394 0.129830 0.081300 0.107955 0.151612 0.083580 0.151612 0.082955 0.073487 0.148580 0.065675
3 0.827330 0.178956 0.819830 0.538331 0.841080 0.745362 0.833580 0.850831 0.838580 1.000000 0.693580 1.000000 0.717330 0.788331 0.722955 0.503175 0.733580 0.448487 0.751705 0.487550 0.732330 0.409425 0.730455 0.069581 0.787955 0.061768
3 0.854830 0.073488 0.861705 0.108644 0.867955 0.198488 0.876705 0.124269 0.880455 0.147707 0.877955 0.432863 0.871705 0.507081 0.858580 0.499269 0.854205 0.479738 0.850455 0.100831
