3 0.367500 0.886719 0.366250 0.875000 0.360000 0.875000 0.336875 0.933594 0.341250 0.957031 0.346875 0.972656 0.358750 0.980469 0.363750 0.960938 0.368125 0.921875
3 0.051875 0.894531 0.046875 0.871094 0.041250 0.875000 0.036250 0.914062 0.032500 0.984375 0.051875 0.996094 0.053125 0.988281 0.053750 0.917969
3 0.091875 0.640625 0.083125 0.675781 0.078750 0.980469 0.115625 0.992188 0.118750 0.906250 0.133125 0.804688 0.131875 0.742188 0.110000 0.703125
3 0.887500 0.511719 0.880625 0.546875 0.874375 0.636719 0.865625 0.562500 0.861875 0.585938 0.864375 0.871094 0.870625 0.945312 0.883750 0.937500 0.888125 0.917969 0.891875 0.539062
3 0.117500 0.445312 0.123750 0.496094 0.123750 0.539062 0.140000 0.558594 0.157500 0.511719 0.176875 0.625000 0.189375 0.589844 0.193125 0.437500 0.198750 0.367188 0.191250 0.320312 0.150625 0.253906 0.138750 0.296875 0.131250 0.378906
3 0.880625 0.207031 0.877500 0.246094 0.880000 0.320312 0.882500 0.347656 0.881250 0.390625 0.886875 0.417969 0.891250 0.417969 0.896250 0.398438 0.900000 0.359375 0.896875 0.289062 0.889375 0.222656
3 0.925625 0.199219 0.923125 0.195312 0.905000 0.257812 0.906875 0.300781 0.911875 0.335938 0.915625 0.335938 0.925000 0.308594 0.927500 0.277344
3 0.735625 0.148438 0.728750 0.109375 0.684375 0.156250 0.686250 0.253906 0.693125 0.285156 0.707500 0.312500 0.721250 0.296875 0.723750 0.273438 0.723125 0.238281 0.725625 0.226562 0.735625 0.277344 0.738750 0.250000
3 0.957500 0.089844 0.950000 0.957031 0.978750 0.953125 0.978750 0.480469 0.964375 0.132812
3 0.363750 0.042969 0.361250 0.042969 0.355625 0.066406 0.352500 0.101562 0.355000 0.125000 0.358750 0.191406 0.366250 0.167969 0.364375 0.105469 0.365625 0.093750 0.371250 0.082031 0.371250 0.066406 0.370000 0.058594
3 0.331875 0.046875 0.328750 0.589844 0.335000 0.652344 0.323750 0.746094 0.325625 0.871094 0.340000 0.875000 0.351875 0.820312 0.372500 0.882812 0.378125 0.843750 0.377500 0.722656 0.370625 0.625000 0.353750 0.636719 0.358125 0.425781 0.341250 0.332031 0.341250 0.054688
3 0.585625 0.140625 0.585625 0.015625 0.379375 0.023438 0.393125 0.121094 0.418125 0.136719 0.428750 0.097656 0.441250 0.183594 0.458750 0.156250 0.506875 0.230469 0.531250 0.195312 0.573750 0.226562
3 0.873750 0.132812 0.878125 0.175781 0.886875 0.148438 0.901250 0.027344 0.923125 0.097656 0.947500 0.097656 0.948125 0.019531 0.882500 0.011719
3 0.203750 0.125000 0.211250 0.484375 0.190000 0.691406 0.197500 0.796875 0.192500 0.992188 0.337500 0.988281 0.313750 0.734375 0.308125 0.449219 0.297500 0.394531 0.279375 0.433594 0.298750 0.355469 0.300625 0.015625 0.243125 0.007812
3 0.573750 0.113282 0.566250 0.980469 0.595000 0.976562 0.595000 0.503906 0.580625 0.156249
3 0.727500 0.105468 0.724375 0.144532 0.726875 0.218749 0.729375 0.246094 0.728125 0.289062 0.733750 0.316406 0.738125 0.316406 0.743125 0.296876 0.746875 0.257812 0.743750 0.187499 0.736250 0.121093
