2 0.493738 0.462756 0.500613 0.529162 0.506238 0.747912 0.504363 1.000000 0.474363 1.000000 0.468113 0.896350 0.461863 0.509631 0.467488 0.462756
2 0.155613 0.083850 0.151863 0.161975 0.154988 0.951037 0.141863 0.958850 0.134363 0.814318 0.138738 0.595568 0.136238 0.298694 0.140613 0.087756
2 0.342488 0.064318 0.353113 0.064318 0.360613 0.111194 0.361238 0.384631 0.369363 0.619006 0.368738 1.000000 0.363738 1.000000 0.349988 0.974475 0.343113 0.802600
2 0.391238 0.064318 0.421238 0.076037 0.435613 0.126818 0.433738 0.638537 0.441863 1.000000 0.406238 1.000000 0.394363 1.000000 0.383738 0.158068
2 0.306238 0.060412 0.311863 0.150256 0.308738 0.353381 0.311238 0.747912 0.289363 0.747912 0.284363 0.158068 0.288113 0.068225
3 0.702488 0.829944 0.698738 0.974475 0.688738 1.000000 0.572488 1.000000 0.570613 1.000000 0.578738 0.775256 0.598113 0.708850 0.647488 0.708850
3 0.640613 0.111194 0.664988 0.079944 0.691238 0.177600 0.716863 0.439318 0.714363 0.521350 0.698113 0.619006 0.664363 0.650256 0.641238 0.576037 0.636238 0.478381 0.617488 0.341662
3 0.365613 0.779162 0.361863 0.923693 0.351863 0.949219 0.235613 0.949219 0.233738 0.949219 0.241863 0.724474 0.261238 0.658068 0.310613 0.658068
3 0.448113 0.494006 0.444363 0.638537 0.434363 0.664062 0.318113 0.664062 0.316238 0.664062 0.324363 0.439318 0.343738 0.372912 0.393113 0.372912
3 0.228113 0.533069 0.224363 0.677600 0.214363 0.703125 0.098113 0.703125 0.096238 0.703125 0.104363 0.478381 0.123738 0.411975 0.173113 0.411975
