2 0.886250 0.621094 0.885000 0.976562 0.880625 0.976562 0.881875 0.621094
2 0.501875 0.167969 0.505000 0.167969 0.508125 0.726562 0.490625 0.718750 0.490000 0.496094 0.499375 0.464844
2 0.811250 0.070312 0.816250 0.406250 0.805625 0.406250 0.802500 0.070312
2 0.126875 0.031250 0.119375 0.894531 0.111250 0.894531 0.115000 0.031250
2 0.430000 0.007812 0.428750 0.332031 0.422500 0.332031 0.418750 0.007812
2 0.285625 0.003906 0.285625 0.285156 0.276875 0.281250 0.276250 0.003906
2 0.877500 0.003906 0.875625 0.812500 0.865625 0.812500 0.866250 0.003906
3 0.720625 0.757812 0.726875 0.753906 0.730625 0.796875 0.739375 0.843750 0.746875 0.859375 0.763750 0.933594 0.763750 0.976562 0.751875 0.996094 0.739375 0.945312 0.728750 0.949219 0.719375 0.929688 0.715000 0.902344 0.720625 0.839844
3 0.910000 0.453125 0.919375 0.476562 0.925625 0.531250 0.939375 0.734375 0.941875 0.976562 0.938750 0.996094 0.909375 0.996094 0.904375 0.523438
3 0.586875 0.101562 0.593750 0.253906 0.566250 0.750000 0.511250 0.996094 0.483750 0.996094 0.525000 0.578125 0.513750 0.593750 0.511875 0.394531 0.556875 0.343750 0.565000 0.218750 0.508750 0.148438 0.484375 0.203125 0.480000 0.105469 0.445625 0.089844 0.446250 0.023438 0.509375 0.000000
3 0.908750 0.000000 0.970000 0.027344 0.984375 0.074219 0.996875 0.152344 0.999375 0.238281 0.990625 0.460938 0.951250 0.425781 0.945000 0.382812 0.933125 0.449219 0.909375 0.343750 0.905625 0.226562 0.915625 0.171875 0.912500 0.062500 0.926875 0.003906
3 0.678125 0.328125 0.687500 0.351562 0.693750 0.406250 0.707500 0.609375 0.710000 0.851562 0.706875 0.871094 0.677500 0.871094 0.672500 0.398438
3 0.302500 0.203125 0.311875 0.226562 0.318125 0.281250 0.331875 0.484375 0.334375 0.726562 0.331250 0.746094 0.301875 0.746094 0.296875 0.273438
