2 0.822161 0.579629 0.820911 0.935097 0.816536 0.935097 0.817786 0.579629
2 0.437786 0.126504 0.440911 0.126504 0.444036 0.685097 0.426536 0.677285 0.425911 0.454629 0.435286 0.423379
2 0.747160 0.028847 0.752160 0.364785 0.741536 0.364785 0.738411 0.028847
2 0.062786 0.000000 0.055286 0.853066 0.047161 0.853066 0.050911 0.000000
2 0.365911 0.000000 0.364661 0.290566 0.358411 0.290566 0.354661 0.000000
2 0.221536 0.000000 0.221536 0.243691 0.212786 0.239785 0.212161 0.000000
2 0.813411 0.000000 0.811536 0.771035 0.801536 0.771035 0.802161 0.000000
3 0.656536 0.716347 0.662786 0.712441 0.666536 0.755410 0.675286 0.802285 0.682786 0.817910 0.699661 0.892129 0.699661 0.935097 0.687786 0.954629 0.675286 0.903847 0.664661 0.907754 0.655286 0.888223 0.650911 0.860879 0.656536 0.798379
3 0.845910 0.411660 0.855286 0.435097 0.861535 0.489785 0.875286 0.692910 0.877786 0.935097 0.874661 0.954629 0.845286 0.954629 0.840286 0.481973
3 0.522785 0.060097 0.529661 0.212441 0.502160 0.708535 0.447161 0.954629 0.419661 0.954629 0.460910 0.536660 0.449660 0.552285 0.447786 0.353066 0.492786 0.302285 0.500911 0.177285 0.444660 0.106973 0.420286 0.161660 0.415911 0.064004 0.381536 0.048379 0.382161 0.000000 0.445285 0.000000
3 0.844661 0.000000 0.905911 0.000000 0.920286 0.032754 0.932786 0.110879 0.935286 0.196816 0.926536 0.419473 0.887161 0.384316 0.880911 0.341347 0.869036 0.407754 0.845286 0.302285 0.841536 0.185097 0.851535 0.130410 0.848411 0.021035 0.862786 0.000000
3 0.990286 0.095253 0.997160 0.247597 0.969661 0.743691 0.914661 0.989785 0.887160 0.989785 0.928410 0.571816 0.917161 0.587441 0.915286 0.388222 0.960285 0.337441 0.968410 0.212441 0.912161 0.142129 0.887785 0.196816 0.883411 0.099160 0.849036 0.083535 0.849661 0.035156 0.912785 0.035156
3 0.662785 0.345254 0.672161 0.368691 0.678410 0.423379 0.692160 0.626504 0.694660 0.868691 0.691536 0.888223 0.662161 0.888223 0.657161 0.415567
