3 0.963125 0.984375 0.963750 0.992188 0.995000 0.992188 0.997500 0.968750 0.997500 0.921875 0.992500 0.898438 0.985000 0.949219 0.982500 0.945312 0.981250 0.902344 0.978125 0.878906 0.976250 0.882812 0.971250 0.949219
3 0.153125 0.675781 0.148750 0.851562 0.153125 0.972656 0.170625 0.992188 0.185625 0.968750 0.194375 0.914062 0.185000 0.871094 0.201250 0.808594 0.201250 0.718750 0.191875 0.683594
3 0.975000 0.582031 0.975000 0.648438 0.982500 0.671875 0.988750 0.671875 0.997500 0.644531 0.994375 0.613281 0.988125 0.578125
3 0.230000 0.515625 0.218750 0.589844 0.216250 0.679688 0.218125 0.746094 0.236875 0.765625 0.244375 0.792969 0.245000 0.679688 0.237500 0.582031 0.238125 0.535156
3 0.210625 0.398438 0.192500 0.378906 0.173125 0.421875 0.158125 0.492188 0.153750 0.542969 0.160000 0.601562 0.198125 0.523438 0.212500 0.457031
3 0.054375 0.187500 0.029375 0.218750 0.020000 0.265625 0.013125 0.347656 0.029375 0.554688 0.038750 0.609375 0.053125 0.644531 0.066250 0.570312
3 0.991250 0.058594 0.980625 0.058594 0.974375 0.078125 0.963750 0.167969 0.960000 0.226562 0.963750 0.406250 0.981875 0.402344 0.978125 0.218750 0.982500 0.148438 0.988750 0.121094 0.993125 0.121094
3 0.235625 0.019531 0.183125 0.019531 0.162500 0.230469 0.156250 0.390625 0.164375 0.429688 0.178125 0.394531 0.185000 0.335938 0.215000 0.285156 0.217500 0.207031 0.200000 0.152344 0.208750 0.121094 0.224375 0.191406 0.243125 0.214844 0.245625 0.167969
3 0.984375 0.312500 0.973750 0.312500 0.967500 0.332031 0.956875 0.421875 0.953125 0.480468 0.956875 0.660156 0.975000 0.656250 0.971250 0.472656 0.975625 0.402344 0.981875 0.375000 0.986250 0.375000
3 0.876250 0.101562 0.871875 0.277343 0.876250 0.398437 0.893750 0.417969 0.908750 0.394531 0.917500 0.339843 0.908125 0.296875 0.924375 0.234375 0.924375 0.144531 0.915000 0.109375
