3 0.036875 0.984375 0.036250 0.992188 0.005000 0.992188 0.002500 0.968750 0.002500 0.921875 0.007500 0.898438 0.015000 0.949219 0.017500 0.945312 0.018750 0.902344 0.021875 0.878906 0.023750 0.882812 0.028750 0.949219
3 0.846875 0.675781 0.851250 0.851562 0.846875 0.972656 0.829375 0.992188 0.814375 0.968750 0.805625 0.914062 0.815000 0.871094 0.798750 0.808594 0.798750 0.718750 0.808125 0.683594
3 0.025000 0.582031 0.025000 0.648438 0.017500 0.671875 0.011250 0.671875 0.002500 0.644531 0.005625 0.613281 0.011875 0.578125
3 0.770000 0.515625 0.781250 0.589844 0.783750 0.679688 0.781875 0.746094 0.763125 0.765625 0.755625 0.792969 0.755000 0.679688 0.762500 0.582031 0.761875 0.535156
3 0.789375 0.398438 0.807500 0.378906 0.826875 0.421875 0.841875 0.492188 0.846250 0.542969 0.840000 0.601562 0.801875 0.523438 0.787500 0.457031
3 0.945625 0.187500 0.970625 0.218750 0.980000 0.265625 0.986875 0.347656 0.970625 0.554688 0.961250 0.609375 0.946875 0.644531 0.933750 0.570312
3 0.008750 0.058594 0.019375 0.058594 0.025625 0.078125 0.036250 0.167969 0.040000 0.226562 0.036250 0.406250 0.018125 0.402344 0.021875 0.218750 0.017500 0.148438 0.011250 0.121094 0.006875 0.121094
3 0.764375 0.019531 0.816875 0.019531 0.837500 0.230469 0.843750 0.390625 0.835625 0.429688 0.821875 0.394531 0.815000 0.335938 0.785000 0.285156 0.782500 0.207031 0.800000 0.152344 0.791250 0.121094 0.775625 0.191406 0.756875 0.214844 0.754375 0.167969
3 0.589375 0.015625 0.593750 0.191406 0.589375 0.312500 0.571875 0.332032 0.556875 0.308594 0.548125 0.253906 0.557500 0.210938 0.541250 0.148438 0.541250 0.058594 0.550625 0.023438
3 0.403125 0.843750 0.403125 0.910157 0.395625 0.933594 0.389375 0.933594 0.380625 0.906250 0.383750 0.875000 0.390000 0.839844
3 0.336875 0.210937 0.341250 0.386718 0.336875 0.507812 0.319375 0.527344 0.304375 0.503906 0.295625 0.449218 0.305000 0.406250 0.288750 0.343750 0.288750 0.253906 0.298125 0.218750
