3 0.101795 0.919173 0.113045 0.864486 0.125545 0.860579 0.136170 0.641829 0.156170 0.602767 0.191795 0.739486 0.226795 0.782454 0.256795 0.880111 0.251170 0.989486 0.103670 0.981673
3 0.523670 0.434798 0.547420 0.395736 0.551795 0.282454 0.581170 0.145736 0.613670 0.454329 0.604920 0.497298 0.636170 0.579329 0.651170 0.423079 0.649295 0.598861 0.662420 0.563704 0.666170 0.766829 0.693045 0.868392 0.668045 0.887923 0.639295 0.774642 0.630545 0.801986 0.625545 0.716048 0.639920 0.673079 0.622420 0.661361 0.596795 0.473860 0.563045 0.606673 0.579295 0.641829 0.547420 0.684798 0.532420 0.637923
3 0.291170 0.079329 0.297420 0.145736 0.289920 0.169173 0.284920 0.204329 0.278045 0.282454 0.273670 0.301986 0.272420 0.298079 0.270545 0.266829 0.276795 0.106673 0.284295 0.079329
3 0.175545 0.048079 0.198045 0.036360 0.204920 0.165267 0.238045 0.110579 0.258045 0.399642 0.230545 0.481673 0.198670 0.466048 0.255545 0.536361 0.258045 0.614486 0.249920 0.665267 0.179920 0.657454 0.173670 0.598861 0.191795 0.462142 0.188045 0.415267 0.146170 0.270736 0.174920 0.173079 0.168045 0.106673
3 0.313670 0.016829 0.311795 0.051986 0.308045 0.087142 0.301795 0.091048 0.296795 0.071517 0.296170 0.048079 0.298670 0.012923
3 0.361795 0.009017 0.366170 0.059798 0.365545 0.317610 0.369920 0.391829 0.362420 0.391829 0.353670 0.352767 0.348670 0.380110 0.338670 0.384017 0.331170 0.087142 0.340545 0.102767 0.353045 0.009017
3 0.282420 0.009017 0.283670 0.016829 0.277420 0.075423 0.274920 0.083236 0.270545 0.059798 0.269295 0.040267 0.276170 0.001204
3 0.512420 0.028548 0.499295 0.134017 0.506170 0.192610 0.499295 0.305892 0.456795 0.356673 0.488045 0.430892 0.508670 0.548079 0.495545 0.583236 0.459295 0.516829 0.439920 0.544173 0.442420 0.587142 0.478670 0.618392 0.453670 0.700423 0.421795 0.634017 0.420545 0.481673 0.453670 0.020736
3 0.539920 0.036360 0.540545 0.055892 0.535545 0.094954 0.524920 0.098860 0.521795 0.087142 0.521795 0.051986 0.523045 0.036360 0.526170 0.024642 0.528670 0.001204 0.534920 0.005110 0.534295 0.028548
3 0.523045 0.282454 0.545545 0.270735 0.552420 0.399642 0.585545 0.344954 0.605545 0.634017 0.578045 0.716048 0.546170 0.700423 0.603045 0.770736 0.605545 0.848861 0.597420 0.899642 0.527420 0.891829 0.521170 0.833236 0.539295 0.696517 0.535545 0.649642 0.493670 0.505111 0.522420 0.407454 0.515545 0.341048
