3 0.114039 0.846155 0.125289 0.791468 0.137789 0.787561 0.148414 0.568811 0.168414 0.529749 0.204039 0.666468 0.239039 0.709436 0.269039 0.807092 0.263414 0.916468 0.115914 0.908655
3 0.535914 0.361780 0.559664 0.322718 0.564039 0.209436 0.593414 0.072718 0.625914 0.381311 0.617164 0.424280 0.648414 0.506311 0.663414 0.350061 0.661539 0.525842 0.674664 0.490686 0.678414 0.693811 0.705289 0.795374 0.680289 0.814905 0.651539 0.701624 0.642789 0.728968 0.637789 0.643030 0.652164 0.600061 0.634664 0.588342 0.609039 0.400842 0.575289 0.533655 0.591539 0.568811 0.559664 0.611780 0.544664 0.564905
3 0.303414 0.006311 0.309664 0.072718 0.302164 0.096155 0.297164 0.131311 0.290289 0.209436 0.285914 0.228968 0.284664 0.225061 0.282789 0.193811 0.289039 0.033655 0.296539 0.006311
3 0.187789 0.000000 0.210289 0.000000 0.217164 0.092249 0.250289 0.037561 0.270289 0.326624 0.242789 0.408655 0.210914 0.393030 0.267789 0.463342 0.270289 0.541468 0.262164 0.592249 0.192164 0.584436 0.185914 0.525842 0.204039 0.389124 0.200289 0.342249 0.158414 0.197718 0.187164 0.100061 0.180289 0.033655
3 0.325914 0.000000 0.324039 0.000000 0.320289 0.014124 0.314039 0.018030 0.309039 0.000000 0.308414 0.000000 0.310914 0.000000
3 0.374039 0.000000 0.378414 0.000000 0.377789 0.244592 0.382164 0.318811 0.374664 0.318811 0.365914 0.279749 0.360914 0.307092 0.350914 0.310999 0.343414 0.014124 0.352789 0.029749 0.365289 0.000000
3 0.294664 0.000000 0.295914 0.000000 0.289664 0.002405 0.287164 0.010218 0.282789 0.000000 0.281539 0.000000 0.288414 0.000000
3 0.524664 0.000000 0.511539 0.060999 0.518414 0.119592 0.511539 0.232874 0.469039 0.283655 0.500289 0.357874 0.520914 0.475061 0.507789 0.510218 0.471539 0.443811 0.452164 0.471155 0.454664 0.514124 0.490914 0.545374 0.465914 0.627405 0.434039 0.560999 0.432789 0.408655 0.465914 0.000000
3 0.552164 0.000000 0.552789 0.000000 0.547789 0.021936 0.537164 0.025842 0.534039 0.014124 0.534039 0.000000 0.535289 0.000000 0.538414 0.000000 0.540914 0.000000 0.547164 0.000000 0.546539 0.000000
3 0.675289 0.644531 0.679664 0.644531 0.679039 0.889123 0.683414 0.963342 0.675914 0.963342 0.667164 0.924280 0.662164 0.951623 0.652164 0.955530 0.644664 0.658655 0.654039 0.674280 0.666539 0.644531
3 0.429039 0.261719 0.427164 0.261719 0.423414 0.275843 0.417164 0.279749 0.412164 0.261719 0.411539 0.261719 0.414039 0.261719
