3 0.685726 0.693503 0.683226 0.709128 0.682601 0.732565 0.687601 0.802878 0.698226 0.888815 0.703226 0.892722 0.703851 0.834128 0.701351 0.771628 0.697601 0.720847 0.690101 0.693503
3 0.151351 0.560691 0.141976 0.588034 0.141976 0.615378 0.146351 0.650534 0.150726 0.650534 0.151976 0.623191 0.153226 0.611472 0.153851 0.591941
3 0.457601 0.404441 0.475726 0.494284 0.482601 0.584128 0.490726 0.599753 0.508226 0.576315 0.513851 0.548972 0.508851 0.431784 0.500726 0.431784 0.488851 0.353659 0.463851 0.369284
3 0.790726 0.545065 0.785101 0.638815 0.799476 0.736472 0.815726 0.736472 0.828226 0.670065 0.835101 0.697409 0.830726 0.740378 0.835101 0.931784 0.896351 0.939597 0.891976 0.869284 0.876976 0.834128 0.874476 0.732565 0.861976 0.685691 0.861976 0.498191 0.842601 0.295065 0.831976 0.330222 0.820101 0.455222 0.835101 0.494284 0.831351 0.525534
3 0.575726 0.131003 0.575101 0.185691 0.569476 0.267722 0.569476 0.431784 0.574476 0.494284 0.610726 0.486472 0.611351 0.423972 0.607601 0.365378 0.596976 0.302878 0.596976 0.236472
3 0.662601 0.000000 0.656351 0.037253 0.659476 0.189597 0.666351 0.302878 0.673851 0.330222 0.679476 0.291159 0.683226 0.232565 0.681351 0.107565 0.671351 0.000000
3 0.728851 0.072409 0.738851 0.162253 0.745726 0.084128 0.771976 0.045065 0.786976 0.131003 0.814476 0.095847 0.835101 0.134909 0.846351 0.000000 0.830101 0.000000 0.803851 0.000000 0.791351 0.000000 0.732601 0.000000
3 0.476976 0.000000 0.473226 0.000000 0.478851 0.064597 0.475726 0.111472 0.482601 0.185691 0.506976 0.236472 0.510101 0.216941 0.510726 0.146628 0.506351 0.072409 0.510726 0.068503 0.513226 0.000000
3 0.386976 0.000000 0.381351 0.000000 0.385101 0.107565 0.395726 0.216941 0.407601 0.295065 0.424476 0.275534 0.427601 0.236472 0.413851 0.127097 0.406351 0.033347 0.408851 0.013815 0.402601 0.000000
3 0.848226 0.000000 0.896351 0.000000 0.876976 0.000000 0.866976 0.045065 0.879476 0.076315 0.901976 0.045065 0.905726 0.138815 0.870726 0.177878 0.869476 0.232565 0.882601 0.478659 0.915726 0.506003 0.920726 0.000000
3 0.821351 0.191406 0.869476 0.191406 0.850101 0.191406 0.840101 0.236472 0.852601 0.267721 0.875101 0.236472 0.878851 0.330221 0.843851 0.369285 0.842601 0.423971 0.855726 0.670066 0.888851 0.697410 0.893851 0.191406
3 0.991351 0.568504 0.981976 0.595847 0.981976 0.623191 0.986351 0.658347 0.990726 0.658347 0.991976 0.631004 0.993226 0.619285 0.993851 0.599754
