3 0.265066 0.673221 0.267566 0.688846 0.268191 0.712283 0.263191 0.782596 0.252566 0.868533 0.247566 0.872440 0.246941 0.813846 0.249441 0.751346 0.253191 0.700565 0.260691 0.673221
3 0.799441 0.540409 0.808816 0.567752 0.808816 0.595096 0.804441 0.630252 0.800066 0.630252 0.798816 0.602909 0.797566 0.591190 0.796941 0.571659
3 0.493191 0.384159 0.475066 0.474002 0.468191 0.563846 0.460066 0.579471 0.442566 0.556033 0.436941 0.528690 0.441941 0.411502 0.450066 0.411502 0.461941 0.333377 0.486941 0.349002
3 0.160066 0.524783 0.165691 0.618533 0.151316 0.716190 0.135066 0.716190 0.122566 0.649783 0.115691 0.677127 0.120066 0.720096 0.115691 0.911502 0.054441 0.919315 0.058816 0.849002 0.073816 0.813846 0.076316 0.712283 0.088816 0.665409 0.088816 0.477909 0.108191 0.274783 0.118816 0.309940 0.130691 0.434940 0.115691 0.474002 0.119441 0.505252
3 0.375066 0.110721 0.375691 0.165409 0.381316 0.247440 0.381316 0.411502 0.376316 0.474002 0.340066 0.466190 0.339441 0.403690 0.343191 0.345096 0.353816 0.282596 0.353816 0.216190
3 0.288191 0.000000 0.294441 0.016971 0.291316 0.169315 0.284441 0.282596 0.276941 0.309940 0.271316 0.270877 0.267566 0.212283 0.269441 0.087283 0.279441 0.000000
3 0.221941 0.052127 0.211941 0.141971 0.205066 0.063846 0.178816 0.024783 0.163816 0.110721 0.136316 0.075565 0.115691 0.114627 0.104441 0.000000 0.120691 0.000000 0.146941 0.000000 0.159441 0.000000 0.218191 0.000000
3 0.473816 0.000000 0.477566 0.000000 0.471941 0.044315 0.475066 0.091190 0.468191 0.165409 0.443816 0.216190 0.440691 0.196659 0.440066 0.126346 0.444441 0.052127 0.440066 0.048221 0.437566 0.000000
3 0.563816 0.000000 0.569441 0.000000 0.565691 0.087283 0.555066 0.196659 0.543191 0.274783 0.526316 0.255252 0.523191 0.216190 0.536941 0.106815 0.544441 0.013065 0.541941 0.000000 0.548191 0.000000
3 0.102566 0.000000 0.054441 0.000000 0.073816 0.000000 0.083816 0.024783 0.071316 0.056033 0.048816 0.024783 0.045066 0.118533 0.080066 0.157596 0.081316 0.212283 0.068191 0.458377 0.035066 0.485721 0.030066 0.000000
3 0.966316 0.622440 0.948191 0.712283 0.941316 0.802127 0.933191 0.817752 0.915691 0.794314 0.910066 0.766971 0.915066 0.649783 0.923191 0.649783 0.935066 0.571658 0.960066 0.587283
3 0.845691 0.063847 0.855066 0.091190 0.855066 0.118534 0.850691 0.153690 0.846316 0.153690 0.845066 0.126347 0.843816 0.114628 0.843191 0.095097
