2 0.759375 0.773438 0.770625 0.785156 0.771875 0.937500 0.760000 0.906250
2 0.830000 0.773438 0.840000 0.906250 0.825625 0.976562 0.815625 0.933594 0.815625 0.789062
2 0.891875 0.617188 0.915625 0.710938 0.916250 0.996094 0.890625 0.996094 0.881250 0.980469
2 0.273125 0.578125 0.284375 0.585938 0.305000 0.996094 0.290625 0.984375
2 0.846875 0.531250 0.858125 0.542969 0.858750 0.855469 0.849375 0.855469
2 0.799375 0.085938 0.810625 0.085938 0.816250 0.378906 0.806250 0.378906
2 0.173125 0.042969 0.179375 0.246094 0.173125 0.250000 0.170625 0.390625 0.161250 0.390625 0.165000 0.042969
2 0.388750 0.003906 0.400625 0.007812 0.405000 0.125000 0.395625 0.144531 0.391250 0.074219
2 0.420000 0.003906 0.420625 0.125000 0.410000 0.117188 0.406875 0.003906
2 0.827500 0.003906 0.920000 0.007812 0.913750 0.527344 0.906250 0.511719 0.899375 0.417969 0.873125 0.398438 0.863750 0.453125 0.855000 0.453125 0.830000 0.390625 0.825000 0.335938
2 0.941250 0.003906 0.951250 0.003906 0.950000 0.457031 0.938125 0.449219
3 0.367500 0.234375 0.357500 0.292969 0.325625 0.230469 0.306875 0.042969 0.309375 0.007812 0.362500 0.007812 0.365000 0.050781 0.355625 0.085938 0.329375 0.121094 0.365000 0.183594
3 0.281875 0.031250 0.280000 0.093750 0.235000 0.164062 0.281875 0.187500 0.277500 0.281250 0.250000 0.324219 0.233125 0.660156 0.191250 0.734375 0.179375 0.625000 0.198750 0.546875 0.186875 0.562500 0.181875 0.421875 0.212500 0.281250 0.210625 0.238281 0.195000 0.265625 0.191875 0.191406 0.202500 0.105469 0.219375 0.085938 0.206875 0.003906
3 0.326875 0.542969 0.316875 0.601563 0.285000 0.539063 0.266250 0.351563 0.268750 0.316406 0.321875 0.316406 0.324375 0.359375 0.315000 0.394532 0.288750 0.429688 0.324375 0.492188
3 0.312500 0.414062 0.302500 0.472656 0.270625 0.410156 0.251875 0.222657 0.254375 0.187499 0.307500 0.187499 0.310000 0.230468 0.300625 0.265626 0.274375 0.300781 0.310000 0.363281
