2 0.715835 0.706344 0.727085 0.718062 0.728335 0.870406 0.716460 0.839156
2 0.786460 0.706344 0.796461 0.839156 0.782085 0.909468 0.772085 0.866500 0.772085 0.721968
2 0.848336 0.550094 0.872085 0.643844 0.872710 0.929000 0.847085 0.929000 0.837710 0.913375
2 0.229585 0.511031 0.240835 0.518844 0.261460 0.929000 0.247085 0.917281
2 0.803335 0.464156 0.814585 0.475875 0.815210 0.788375 0.805835 0.788375
2 0.755835 0.018844 0.767085 0.018844 0.772710 0.311812 0.762710 0.311812
2 0.129586 0.000000 0.135835 0.179000 0.129586 0.182906 0.127085 0.323531 0.117710 0.323531 0.121460 0.000000
2 0.345210 0.000000 0.357085 0.000000 0.361460 0.057906 0.352085 0.077437 0.347710 0.007125
2 0.376460 0.000000 0.377085 0.057906 0.366461 0.050094 0.363335 0.000000
2 0.783960 0.000000 0.876460 0.000000 0.870210 0.460250 0.862710 0.444625 0.855835 0.350875 0.829585 0.331344 0.820210 0.386031 0.811460 0.386031 0.786460 0.323531 0.781460 0.268844
2 0.897711 0.000000 0.907710 0.000000 0.906460 0.389937 0.894585 0.382125
3 0.323960 0.167281 0.313960 0.225875 0.282085 0.163375 0.263335 0.000000 0.265835 0.000000 0.318960 0.000000 0.321460 0.000000 0.312085 0.018844 0.285836 0.054000 0.321460 0.116500
3 0.238335 0.000000 0.236460 0.026656 0.191460 0.096968 0.238335 0.120406 0.233960 0.214156 0.206460 0.257125 0.189585 0.593062 0.147711 0.667281 0.135835 0.557906 0.155210 0.479781 0.143335 0.495406 0.138335 0.354781 0.168960 0.214156 0.167085 0.171187 0.151460 0.198531 0.148335 0.124312 0.158960 0.038375 0.175835 0.018844 0.163336 0.000000
3 0.362085 0.651656 0.352086 0.710250 0.320210 0.647750 0.301460 0.484375 0.303960 0.484375 0.357085 0.484375 0.359585 0.484375 0.350210 0.503219 0.323960 0.538375 0.359585 0.600875
3 0.871460 0.718062 0.861461 0.776656 0.829585 0.714156 0.810835 0.550781 0.813335 0.550781 0.866461 0.550781 0.868960 0.550781 0.859585 0.569625 0.833336 0.604781 0.868960 0.667281
