2 0.884057 0.726156 0.876557 0.558188 0.833432 0.597250 0.830307 0.679281 0.854057 0.792562 0.861557 0.776938 0.862807 0.730062
3 0.217182 0.878500 0.214682 0.999594 0.232807 0.983969 0.232807 0.890219
3 0.271557 0.745688 0.265307 0.761312 0.263432 0.776938 0.266557 0.816000 0.270932 0.843344 0.274057 0.929281 0.282807 0.894125 0.289682 0.882406 0.289682 0.831625 0.285932 0.776938 0.278432 0.753500
3 0.679682 0.530844 0.684057 0.554281 0.685932 0.628500 0.691557 0.675375 0.702807 0.726156 0.711557 0.804281 0.727807 0.866781 0.731557 0.765219 0.707182 0.640219 0.700307 0.542562 0.690307 0.507406
3 0.294682 0.378500 0.290932 0.456625 0.294057 0.526938 0.304682 0.480062 0.331557 0.554281 0.337807 0.589438 0.350932 0.581625 0.344682 0.523031 0.335307 0.339438 0.327182 0.339438 0.325307 0.417562 0.305932 0.347250 0.299057 0.351156
3 0.568432 0.261312 0.574682 0.312094 0.590932 0.319906 0.597807 0.351156 0.599057 0.382406 0.609682 0.417562 0.617807 0.534750 0.627807 0.566000 0.630307 0.472250 0.647182 0.312094 0.640932 0.296469 0.624682 0.347250 0.605932 0.222250 0.595307 0.253500
3 0.481557 0.288656 0.483432 0.312094 0.495932 0.323812 0.501557 0.288656 0.508432 0.280844 0.515307 0.331625 0.514682 0.421469 0.525932 0.480062 0.538432 0.483969 0.537807 0.421469 0.545307 0.390219 0.544682 0.323812 0.506557 0.167562 0.492807 0.202719 0.488432 0.257406
3 0.169682 0.194906 0.174057 0.284750 0.183432 0.327719 0.194057 0.339438 0.205307 0.304281 0.220307 0.308188 0.234057 0.343344 0.242807 0.323812 0.245307 0.230062 0.237807 0.140219 0.230932 0.124594 0.225307 0.171469 0.217182 0.191000 0.202807 0.069906 0.192807 0.108969 0.182182 0.093344
3 0.583432 0.085531 0.579682 0.042562 0.577182 0.038656 0.570932 0.085531 0.560932 0.081625 0.554057 0.093344 0.551557 0.108969 0.554682 0.140219 0.567807 0.191000 0.575932 0.206625 0.576557 0.128500 0.582182 0.116781
3 0.222807 0.476155 0.229057 0.526937 0.245307 0.534749 0.252182 0.565999 0.253432 0.597249 0.264057 0.632405 0.272182 0.749593 0.282182 0.780843 0.284682 0.687093 0.301557 0.526937 0.295307 0.511312 0.279057 0.562093 0.260307 0.437093 0.249682 0.468343
