2 0.027205 0.701272 0.034705 0.533304 0.077830 0.572366 0.080955 0.654397 0.057205 0.767678 0.049705 0.752054 0.048455 0.705178
3 0.694080 0.853616 0.696580 0.974710 0.678455 0.959085 0.678455 0.865335
3 0.639705 0.720804 0.645955 0.736428 0.647830 0.752054 0.644705 0.791116 0.640330 0.818460 0.637205 0.904397 0.628455 0.869241 0.621580 0.857522 0.621580 0.806741 0.625330 0.752054 0.632830 0.728616
3 0.231580 0.505960 0.227205 0.529397 0.225330 0.603616 0.219705 0.650491 0.208455 0.701272 0.199705 0.779397 0.183455 0.841897 0.179705 0.740335 0.204080 0.615335 0.210955 0.517678 0.220955 0.482522
3 0.616580 0.353616 0.620330 0.431741 0.617205 0.502054 0.606580 0.455178 0.579705 0.529397 0.573455 0.564554 0.560330 0.556741 0.566580 0.498147 0.575955 0.314554 0.584080 0.314554 0.585955 0.392678 0.605330 0.322366 0.612205 0.326272
3 0.342830 0.236428 0.336580 0.287210 0.320330 0.295022 0.313455 0.326272 0.312205 0.357522 0.301580 0.392678 0.293455 0.509866 0.283455 0.541116 0.280955 0.447366 0.264080 0.287210 0.270330 0.271585 0.286580 0.322366 0.305330 0.197366 0.315955 0.228616
3 0.429705 0.263772 0.427830 0.287210 0.415330 0.298928 0.409705 0.263772 0.402830 0.255960 0.395955 0.306741 0.396580 0.396585 0.385330 0.455178 0.372830 0.459085 0.373455 0.396585 0.365955 0.365335 0.366580 0.298928 0.404705 0.142678 0.418455 0.177835 0.422830 0.232522
3 0.741580 0.170022 0.737205 0.259866 0.727830 0.302835 0.717205 0.314554 0.705955 0.279397 0.690955 0.283304 0.677205 0.318460 0.668455 0.298928 0.665955 0.205178 0.673455 0.115335 0.680330 0.099710 0.685955 0.146585 0.694080 0.166116 0.708455 0.045022 0.718455 0.084085 0.729080 0.068460
3 0.327830 0.060647 0.331580 0.017678 0.334080 0.013772 0.340330 0.060647 0.350330 0.056741 0.357205 0.068460 0.359705 0.084085 0.356580 0.115335 0.343455 0.166116 0.335330 0.181741 0.334705 0.103616 0.329080 0.091897
3 0.350330 0.662211 0.356580 0.677835 0.358455 0.693461 0.355330 0.732523 0.350955 0.759867 0.347830 0.845804 0.339080 0.810648 0.332205 0.798929 0.332205 0.748148 0.335955 0.693461 0.343455 0.670023
