2 0.317939 0.862900 0.341689 0.901963 0.343564 0.909775 0.346689 0.948838 0.320439 0.948838
2 0.024814 0.710556 0.026064 0.948838 0.016689 0.948838 0.016689 0.710556
2 0.000000 0.241806 0.000000 0.948838 0.000000 0.948838 0.000000 0.241806
2 0.697314 0.023056 0.706064 0.030869 0.706064 0.167588 0.697314 0.155869
2 0.152939 0.011338 0.161689 0.015244 0.161689 0.452744 0.152314 0.452744
2 0.851689 0.000000 0.849189 0.948838 0.753564 0.948838 0.761689 0.000000 0.752939 0.000000
3 0.210439 0.847275 0.209814 0.921494 0.206689 0.948838 0.163564 0.948838 0.179189 0.917588 0.188564 0.886338 0.199814 0.878525
3 0.234189 0.507432 0.259814 0.546494 0.274814 0.616806 0.277939 0.714463 0.253564 0.808213 0.283564 0.804306 0.291064 0.866806 0.287314 0.941025 0.240439 0.933213 0.236064 0.769150 0.247939 0.761338 0.259189 0.687119 0.250439 0.655869 0.239189 0.714463
3 0.042314 0.000000 0.110439 0.000000 0.146689 0.194932 0.142314 0.437119 0.104814 0.245713 0.102939 0.300400 0.137314 0.480088 0.141064 0.651963 0.125439 0.640244 0.136064 0.792588 0.156689 0.812119 0.136689 0.913682 0.117314 0.870713 0.082314 0.429306 0.046689 0.198838
3 0.183564 0.706650 0.182939 0.780869 0.179814 0.808213 0.136689 0.808213 0.152314 0.776963 0.161689 0.745713 0.172939 0.737900
