2 0.625633 0.900397 0.601883 0.939460 0.600008 0.947272 0.596883 0.986335 0.623133 0.986335
2 0.918758 0.748053 0.917508 0.986335 0.926883 0.986335 0.926883 0.748053
2 0.955633 0.279303 0.963133 0.986335 0.973133 0.986335 0.968133 0.279303
2 0.246258 0.060553 0.237508 0.068366 0.237508 0.205085 0.246258 0.193366
2 0.790633 0.048835 0.781883 0.052741 0.781883 0.490241 0.791258 0.490241
2 0.091883 0.000000 0.094383 0.986335 0.190008 0.986335 0.181883 0.000000 0.190633 0.000000
3 0.733133 0.884772 0.733758 0.958991 0.736883 0.986335 0.780008 0.986335 0.764383 0.955085 0.755008 0.923835 0.743758 0.916022
3 0.709383 0.544929 0.683758 0.583991 0.668758 0.654303 0.665633 0.751960 0.690008 0.845710 0.660008 0.841803 0.652508 0.904303 0.656258 0.978522 0.703133 0.970710 0.707508 0.806647 0.695633 0.798835 0.684383 0.724616 0.693133 0.693366 0.704383 0.751960
3 0.901258 0.000000 0.833133 0.000000 0.796883 0.232429 0.801258 0.474616 0.838758 0.283210 0.840633 0.337897 0.806258 0.517585 0.802508 0.689460 0.818133 0.677741 0.807508 0.830085 0.786883 0.849616 0.806883 0.951179 0.826258 0.908210 0.861258 0.466803 0.896883 0.236335
3 0.813758 0.560553 0.814383 0.634772 0.817508 0.662116 0.860633 0.662116 0.845008 0.630866 0.835633 0.599616 0.824383 0.591803
