2 0.164375 0.574219 0.160625 0.585938 0.159375 0.773438 0.163750 0.773438
2 0.052500 0.542969 0.054375 0.871094 0.056875 0.871094 0.057500 0.550781
2 0.202500 0.265625 0.204375 0.644531 0.206250 0.613281 0.206875 0.296875
2 0.267500 0.023438 0.263125 0.023438 0.263125 0.281250 0.268750 0.265625
2 0.300625 0.019531 0.297500 0.332031 0.305625 0.394531 0.308750 0.019531
3 0.765625 0.937500 0.764375 0.945312 0.764375 0.949219 0.761250 0.968750 0.761250 0.972656 0.759375 0.984375 0.761875 0.984375 0.762500 0.980469 0.762500 0.976562 0.763750 0.968750 0.763750 0.964844 0.765000 0.953125 0.765000 0.945312 0.765625 0.941406
3 0.700000 0.675781 0.715000 0.703125 0.719375 0.726562 0.728125 0.726562 0.730000 0.765625 0.740625 0.757812 0.746875 0.773438 0.750000 0.765625 0.735625 0.726562 0.729375 0.675781
3 0.748125 0.589844 0.748125 0.593750 0.746875 0.601562 0.747500 0.597656 0.748125 0.597656
3 0.646875 0.601562 0.671250 0.804688 0.697500 0.828125 0.691250 0.882812 0.715625 0.996094 0.755000 0.992188 0.768125 0.781250 0.747500 0.878906 0.685000 0.656250 0.738125 0.625000 0.748125 0.550781 0.690625 0.574219 0.720625 0.507812 0.723125 0.441406 0.725000 0.523438 0.748750 0.542969 0.733125 0.500000 0.728125 0.386719 0.699375 0.386719 0.698750 0.449219 0.723125 0.449219
3 0.618125 0.210938 0.631250 0.343750 0.645000 0.285156 0.665625 0.343750 0.734375 0.265625 0.755000 0.292969 0.762500 0.187500 0.743125 0.019531 0.627500 0.007812 0.739375 0.171875 0.674375 0.261719 0.651250 0.214844 0.654375 0.164062
3 0.229375 0.355468 0.253750 0.558594 0.280000 0.582031 0.273750 0.636718 0.298125 0.750000 0.337500 0.746094 0.350625 0.535156 0.330000 0.632812 0.267500 0.410156 0.320625 0.378906 0.330625 0.304687 0.273125 0.328125 0.303125 0.261718 0.305625 0.195312 0.307500 0.277344 0.331250 0.296875 0.315625 0.253906 0.310625 0.140625 0.281875 0.140625 0.281250 0.203125 0.305625 0.203125
3 0.717500 0.675781 0.732500 0.703125 0.736875 0.726562 0.745625 0.726562 0.747500 0.765625 0.758125 0.757812 0.764375 0.773438 0.767500 0.765625 0.753125 0.726562 0.746875 0.675781
