2 0.895552 0.557920 0.899302 0.569639 0.900552 0.757139 0.896177 0.757139
2 1.000000 0.526670 1.000000 0.854795 1.000000 0.854795 1.000000 0.534482
2 0.857427 0.249326 0.855552 0.628232 0.853677 0.596982 0.853052 0.280576
2 0.792427 0.007139 0.796802 0.007139 0.796802 0.264951 0.791177 0.249326
2 0.759302 0.003232 0.762427 0.315732 0.754303 0.378232 0.751177 0.003232
3 0.294302 0.921201 0.295552 0.929013 0.295552 0.932920 0.298677 0.952451 0.298677 0.956357 0.300552 0.968076 0.298052 0.968076 0.297427 0.964170 0.297427 0.960263 0.296177 0.952451 0.296177 0.948545 0.294927 0.936826 0.294927 0.929013 0.294302 0.925107
3 0.359927 0.659482 0.344927 0.686826 0.340552 0.710263 0.331802 0.710263 0.329927 0.749326 0.319302 0.741513 0.313052 0.757139 0.309927 0.749326 0.324302 0.710263 0.330552 0.659482
3 0.311802 0.573545 0.311802 0.577451 0.313052 0.585263 0.312427 0.581357 0.311802 0.581357
3 0.413052 0.585263 0.388677 0.788389 0.362427 0.811826 0.368677 0.866513 0.344302 0.979795 0.304927 0.975889 0.291802 0.764951 0.312427 0.862607 0.374927 0.639951 0.321802 0.608701 0.311802 0.534482 0.369302 0.557920 0.339302 0.491513 0.336802 0.425107 0.334927 0.507139 0.311177 0.526670 0.326802 0.483701 0.331802 0.370420 0.360552 0.370420 0.361177 0.432920 0.336802 0.432920
3 0.441802 0.194639 0.428677 0.327451 0.414927 0.268857 0.394302 0.327451 0.325552 0.249326 0.304927 0.276670 0.297427 0.171201 0.316802 0.003232 0.432427 0.000000 0.320552 0.155576 0.385552 0.245420 0.408677 0.198545 0.405552 0.147763
3 0.596177 0.120420 0.597427 0.128232 0.597427 0.132139 0.600552 0.151670 0.600552 0.155576 0.602427 0.167295 0.599927 0.167295 0.599302 0.163389 0.599302 0.159482 0.598052 0.151670 0.598052 0.147764 0.596802 0.136045 0.596802 0.128232 0.596177 0.124326
