2 0.645625 0.062500 0.651250 0.476562 0.646875 0.839844 0.653125 0.953125 0.663750 0.890625 0.663125 0.625000 0.657500 0.500000 0.657500 0.109375 0.655000 0.074219
2 0.736875 0.007812 0.747500 0.238281 0.764375 0.363281 0.838125 0.402344 0.849375 0.019531
2 0.853125 0.003906 0.846250 0.980469 0.875625 0.996094 0.896250 0.503906 0.892500 0.003906
3 0.554375 0.734375 0.524375 0.687500 0.476250 0.882812 0.462500 0.984375 0.522500 0.992188 0.541250 0.972656 0.550000 0.867188
3 0.455625 0.683594 0.437500 0.710938 0.432500 0.761719 0.436250 0.902344 0.453125 0.949219 0.463750 0.898438 0.478750 0.761719
3 0.382500 0.343750 0.378125 0.566406 0.387500 0.707031 0.409375 0.781250 0.436875 0.687500 0.437500 0.550781 0.413750 0.406250
3 0.669375 0.089844 0.658750 0.289062 0.660000 0.546875 0.721875 0.566406 0.735000 0.507812 0.730000 0.296875 0.715000 0.054688 0.694375 0.050781
3 0.061875 0.281250 0.051250 0.480468 0.052500 0.738281 0.114375 0.757812 0.127500 0.699218 0.122500 0.488281 0.107500 0.246094 0.086875 0.242187
3 0.700000 0.421875 0.689375 0.621093 0.690625 0.878906 0.752500 0.898437 0.765625 0.839843 0.760625 0.628906 0.745625 0.386719 0.725000 0.382812
3 0.354375 0.281250 0.350000 0.503906 0.359375 0.644531 0.381250 0.718750 0.408750 0.625000 0.409375 0.488281 0.385625 0.343750
